# This file was produced by samtools stats (1.9+htslib-1.9) and can be plotted using plot-bamstats
# This file contains statistics for all reads.
# The command line was:  stats -t target.bed AH_S1_L001_sorted.bam
# CHK, Checksum	[2]Read Names	[3]Sequences	[4]Qualities
# CHK, CRC32 of reads which passed filtering followed by addition (32bit overflow)
CHK	b6fa63a7	d13f77d8	35aa6b32
# Summary Numbers. Use `grep ^SN | cut -f 2-` to extract this part.
SN	raw total sequences:	114147
SN	filtered sequences:	0
SN	sequences:	114147
SN	is sorted:	1
SN	1st fragments:	57085
SN	last fragments:	57062
SN	reads mapped:	114111
SN	reads mapped and paired:	113930	# paired-end technology bit set + both mates mapped
SN	reads unmapped:	36
SN	reads properly paired:	102539	# proper-pair bit set
SN	reads paired:	114147	# paired-end technology bit set
SN	reads duplicated:	0	# PCR or optical duplicate bit set
SN	reads MQ0:	85	# mapped and MQ=0
SN	reads QC failed:	0
SN	non-primary alignments:	0
SN	total length:	16543950	# ignores clipping
SN	total first fragment length:	8273861	# ignores clipping
SN	total last fragment length:	8270089	# ignores clipping
SN	bases mapped:	16538606	# ignores clipping
SN	bases mapped (cigar):	14445865	# more accurate
SN	bases trimmed:	0
SN	bases duplicated:	0
SN	mismatches:	60692	# from NM fields
SN	error rate:	4.201340e-03	# mismatches / bases mapped (cigar)
SN	average length:	144
SN	average first fragment length:	145
SN	average last fragment length:	145
SN	maximum length:	150
SN	maximum first fragment length:	150
SN	maximum last fragment length:	150
SN	average quality:	34.2
SN	insert size average:	198.6
SN	insert size standard deviation:	76.7
SN	inward oriented pairs:	41969
SN	outward oriented pairs:	14985
SN	pairs with other orientation:	0
SN	pairs on different chromosomes:	8
SN	percentage of properly paired reads (%):	89.8
SN	bases inside the target:	23728
SN	percentage of target genome with coverage > 0 (%):	11.41
# First Fragment Qualities. Use `grep ^FFQ | cut -f 2-` to extract this part.
# Columns correspond to qualities and rows to cycles. First column is the cycle number.
FFQ	1	0	0	28	0	0	0	0	0	0	0	0	0	0	0	745	0	0	0	0	0	0	503	0	0	0	0	0	23	0	0	0	0	55786	0	0	0	0	0
FFQ	2	0	0	2	0	0	0	0	0	0	0	0	0	0	0	707	0	0	0	0	0	0	378	0	0	0	0	0	15	0	0	0	0	55983	0	0	0	0	0
FFQ	3	0	0	0	0	0	0	0	0	0	0	0	0	0	0	581	0	0	0	0	0	0	322	0	0	0	0	0	16	0	0	0	0	56166	0	0	0	0	0
FFQ	4	0	0	0	0	0	0	0	0	0	0	0	0	0	0	396	0	0	0	0	0	0	252	0	0	0	0	0	11	0	0	0	0	56426	0	0	0	0	0
FFQ	5	0	0	0	0	0	0	0	0	0	0	0	0	0	0	1296	0	0	0	0	0	0	437	0	0	0	0	0	7	0	0	0	0	55345	0	0	0	0	0
FFQ	6	0	0	0	0	0	0	0	0	0	0	0	0	0	0	580	0	0	0	0	0	0	470	0	0	0	0	0	7	0	0	0	0	1500	0	0	0	54528	0
FFQ	7	0	0	0	0	0	0	0	0	0	0	0	0	0	0	917	0	0	0	0	0	0	325	0	0	0	0	0	3	0	0	0	0	2174	0	0	0	53666	0
FFQ	8	0	0	0	0	0	0	0	0	0	0	0	0	0	0	718	0	0	0	0	0	0	240	0	0	0	0	0	2	0	0	0	0	1583	0	0	0	54542	0
FFQ	9	0	0	0	0	0	0	0	0	0	0	0	0	0	0	711	0	0	0	0	0	0	342	0	0	0	0	0	1	0	0	0	0	1836	0	0	0	54195	0
FFQ	10	0	0	0	0	0	0	0	0	0	0	0	0	0	0	581	0	0	0	0	0	0	184	0	0	0	0	0	1	0	0	0	0	1317	0	0	0	55002	0
FFQ	11	0	0	0	0	0	0	0	0	0	0	0	0	0	0	673	0	0	0	0	0	0	315	0	0	0	0	0	0	0	0	0	0	1758	0	0	0	54339	0
FFQ	12	0	0	0	0	0	0	0	0	0	0	0	0	0	0	754	0	0	0	0	0	0	223	0	0	0	0	0	0	0	0	0	0	1723	0	0	0	54385	0
FFQ	13	0	0	0	0	0	0	0	0	0	0	0	0	0	0	907	0	0	0	0	0	0	151	0	0	0	0	0	2	0	0	0	0	1859	0	0	0	54166	0
FFQ	14	0	0	0	0	0	0	0	0	0	0	0	0	0	0	635	0	0	0	0	0	0	208	0	0	0	0	0	3	0	0	0	0	1443	0	0	0	54796	0
FFQ	15	0	0	0	0	0	0	0	0	0	0	0	0	0	0	1148	0	0	0	0	0	0	354	0	0	0	0	0	12	0	0	0	0	1894	0	0	0	53677	0
FFQ	16	0	0	0	0	0	0	0	0	0	0	0	0	0	0	904	0	0	0	0	0	0	223	0	0	0	0	0	12	0	0	0	0	2154	0	0	0	53792	0
FFQ	17	0	0	0	0	0	0	0	0	0	0	0	0	0	0	643	0	0	0	0	0	0	170	0	0	0	0	0	36	0	0	0	0	1588	0	0	0	54648	0
FFQ	18	0	0	0	0	0	0	0	0	0	0	0	0	0	0	1085	0	0	0	0	0	0	453	0	0	0	0	0	66	0	0	0	0	2258	0	0	0	53223	0
FFQ	19	0	0	0	0	0	0	0	0	0	0	0	0	0	0	922	0	0	0	0	0	0	292	0	0	0	0	0	101	0	0	0	0	2218	0	0	0	53552	0
FFQ	20	0	0	0	0	0	0	0	0	0	0	0	0	0	0	709	0	0	0	0	0	0	148	0	0	0	0	0	36	0	0	0	0	2206	0	0	0	53986	0
FFQ	21	0	0	0	0	0	0	0	0	0	0	0	0	0	0	648	0	0	0	0	0	0	107	0	0	0	0	0	63	0	0	0	0	1995	0	0	0	54272	0
FFQ	22	0	0	0	0	0	0	0	0	0	0	0	0	0	0	848	0	0	0	0	0	0	222	0	0	0	0	0	61	0	0	0	0	3327	0	0	0	52627	0
FFQ	23	0	0	0	0	0	0	0	0	0	0	0	0	0	0	722	0	0	0	0	0	0	68	0	0	0	0	0	66	0	0	0	0	2540	0	0	0	53684	0
FFQ	24	0	0	0	0	0	0	0	0	0	0	0	0	0	0	1416	0	0	0	0	0	0	131	0	0	0	0	0	100	0	0	0	0	2809	0	0	0	52623	0
FFQ	25	0	0	0	0	0	0	0	0	0	0	0	0	0	0	747	0	0	0	0	0	0	118	0	0	0	0	0	96	0	0	0	0	2358	0	0	0	53760	0
FFQ	26	0	0	0	0	0	0	0	0	0	0	0	0	0	0	737	0	0	0	0	0	0	107	0	0	0	0	0	191	0	0	0	0	2625	0	0	0	53419	0
FFQ	27	0	0	0	0	0	0	0	0	0	0	0	0	0	0	1539	0	0	0	0	0	0	501	0	0	0	0	0	179	0	0	0	0	2332	0	0	0	52528	0
FFQ	28	0	0	0	0	0	0	0	0	0	0	0	0	0	0	919	0	0	0	0	0	0	127	0	0	0	0	0	191	0	0	0	0	2502	0	0	0	53340	0
FFQ	29	0	0	0	0	0	0	0	0	0	0	0	0	0	0	898	0	0	0	0	0	0	86	0	0	0	0	0	142	0	0	0	0	2485	0	0	0	53468	0
FFQ	30	0	0	0	0	0	0	0	0	0	0	0	0	0	0	1352	0	0	0	0	0	0	126	0	0	0	0	0	358	0	0	0	0	2667	0	0	0	52576	0
FFQ	31	0	0	0	0	0	0	0	0	0	0	0	0	0	0	870	0	0	0	0	0	0	98	0	0	0	0	0	168	0	0	0	0	2445	0	0	0	53498	0
FFQ	32	0	0	0	0	0	0	0	0	0	0	0	0	0	0	1659	0	0	0	0	0	0	172	0	0	0	0	0	166	0	0	0	0	2475	0	0	0	52607	0
FFQ	33	0	0	0	0	0	0	0	0	0	0	0	0	0	0	826	0	0	0	0	0	0	114	0	0	0	0	0	249	0	0	0	0	2755	0	0	0	53135	0
FFQ	34	0	0	0	0	0	0	0	0	0	0	0	0	0	0	845	0	0	0	0	0	0	160	0	0	0	0	0	249	0	0	0	0	2218	0	0	0	53607	0
FFQ	35	0	0	0	0	0	0	0	0	0	0	0	0	0	0	803	0	0	0	0	0	0	252	0	0	0	0	0	282	0	0	0	0	2816	0	0	0	52926	0
FFQ	36	0	0	0	0	0	0	0	0	0	0	0	0	0	0	2492	0	0	0	0	0	0	297	0	0	0	0	0	387	0	0	0	0	4740	0	0	0	49163	0
FFQ	37	0	0	0	0	0	0	0	0	0	0	0	0	0	0	1685	0	0	0	0	0	0	124	0	0	0	0	0	267	0	0	0	0	2124	0	0	0	52879	0
FFQ	38	0	0	0	0	0	0	0	0	0	0	0	0	0	0	1197	0	0	0	0	0	0	134	0	0	0	0	0	249	0	0	0	0	2038	0	0	0	53461	0
FFQ	39	0	0	0	0	0	0	0	0	0	0	0	0	0	0	1011	0	0	0	0	0	0	91	0	0	0	0	0	248	0	0	0	0	2221	0	0	0	53508	0
FFQ	40	0	0	0	0	0	0	0	0	0	0	0	0	0	0	1057	0	0	0	0	0	0	109	0	0	0	0	0	219	0	0	0	0	1776	0	0	0	53918	0
FFQ	41	0	0	0	0	0	0	0	0	0	0	0	0	0	0	1741	0	0	0	0	0	0	189	0	0	0	0	0	303	0	0	0	0	3737	0	0	0	51109	0
FFQ	42	0	0	0	0	0	0	0	0	0	0	0	0	0	0	1195	0	0	0	0	0	0	97	0	0	0	0	0	272	0	0	0	0	2566	0	0	0	52949	0
FFQ	43	0	0	0	0	0	0	0	0	0	0	0	0	0	0	1466	0	0	0	0	0	0	117	0	0	0	0	0	300	0	0	0	0	2611	0	0	0	52585	0
FFQ	44	0	0	2	0	0	0	0	0	0	0	0	0	0	0	1064	0	0	0	0	0	0	62	0	0	0	0	0	571	0	0	0	0	4283	0	0	0	51097	0
FFQ	45	0	0	1	0	0	0	0	0	0	0	0	0	0	0	995	0	0	0	0	0	0	54	0	0	0	0	0	349	0	0	0	0	2275	0	0	0	53405	0
FFQ	46	0	0	0	0	0	0	0	0	0	0	0	0	0	0	2266	0	0	0	0	0	0	153	0	0	0	0	0	636	0	0	0	0	5060	0	0	0	48964	0
FFQ	47	0	0	2	0	0	0	0	0	0	0	0	0	0	0	2009	0	0	0	0	0	0	170	0	0	0	0	0	1129	0	0	0	0	5412	0	0	0	48357	0
FFQ	48	0	0	0	0	0	0	0	0	0	0	0	0	0	0	1937	0	0	0	0	0	0	304	0	0	0	0	0	1499	0	0	0	0	5721	0	0	0	47618	0
FFQ	49	0	0	0	0	0	0	0	0	0	0	0	0	0	0	1915	0	0	0	0	0	0	127	0	0	0	0	0	364	0	0	0	0	2327	0	0	0	52346	0
FFQ	50	0	0	0	0	0	0	0	0	0	0	0	0	0	0	2472	0	0	0	0	0	0	483	0	0	0	0	0	351	0	0	0	0	3779	0	0	0	49994	0
FFQ	51	0	0	0	0	0	0	0	0	0	0	0	0	0	0	1153	0	0	0	0	0	0	97	0	0	0	0	0	279	0	0	0	0	1787	0	0	0	53763	0
FFQ	52	0	0	0	0	0	0	0	0	0	0	0	0	0	0	2310	0	0	0	0	0	0	224	0	0	0	0	0	444	0	0	0	0	2236	0	0	0	51865	0
FFQ	53	0	0	0	0	0	0	0	0	0	0	0	0	0	0	1503	0	0	0	0	0	0	209	0	0	0	0	0	492	0	0	0	0	2125	0	0	0	52750	0
FFQ	54	0	0	1	0	0	0	0	0	0	0	0	0	0	0	1171	0	0	0	0	0	0	223	0	0	0	0	0	513	0	0	0	0	2036	0	0	0	53135	0
FFQ	55	0	0	2	0	0	0	0	0	0	0	0	0	0	0	1507	0	0	0	0	0	0	299	0	0	0	0	0	622	0	0	0	0	2919	0	0	0	51730	0
FFQ	56	0	0	15	0	0	0	0	0	0	0	0	0	0	0	1883	0	0	0	0	0	0	351	0	0	0	0	0	683	0	0	0	0	2455	0	0	0	51692	0
FFQ	57	0	0	2	0	0	0	0	0	0	0	0	0	0	0	1686	0	0	0	0	0	0	382	0	0	0	0	0	679	0	0	0	0	2681	0	0	0	51649	0
FFQ	58	0	0	5	0	0	0	0	0	0	0	0	0	0	0	2357	0	0	0	0	0	0	290	0	0	0	0	0	700	0	0	0	0	4124	0	0	0	49603	0
FFQ	59	0	0	0	0	0	0	0	0	0	0	0	0	0	0	1632	0	0	0	0	0	0	306	0	0	0	0	0	751	0	0	0	0	2871	0	0	0	51519	0
FFQ	60	0	0	0	0	0	0	0	0	0	0	0	0	0	0	2568	0	0	0	0	0	0	407	0	0	0	0	0	707	0	0	0	0	3557	0	0	0	49840	0
FFQ	61	0	0	0	0	0	0	0	0	0	0	0	0	0	0	1859	0	0	0	0	0	0	208	0	0	0	0	0	582	0	0	0	0	2581	0	0	0	51849	0
FFQ	62	0	0	0	0	0	0	0	0	0	0	0	0	0	0	1143	0	0	0	0	0	0	267	0	0	0	0	0	595	0	0	0	0	2647	0	0	0	52427	0
FFQ	63	0	0	0	0	0	0	0	0	0	0	0	0	0	0	2097	0	0	0	0	0	0	448	0	0	0	0	0	1084	0	0	0	0	3975	0	0	0	49475	0
FFQ	64	0	0	0	0	0	0	0	0	0	0	0	0	0	0	2135	0	0	0	0	0	0	465	0	0	0	0	0	1144	0	0	0	0	3922	0	0	0	49413	0
FFQ	65	0	0	0	0	0	0	0	0	0	0	0	0	0	0	2490	0	0	0	0	0	0	432	0	0	0	0	0	1433	0	0	0	0	5241	0	0	0	47483	0
FFQ	66	0	0	0	0	0	0	0	0	0	0	0	0	0	0	2074	0	0	0	0	0	0	311	0	0	0	0	0	1053	0	0	0	0	6006	0	0	0	47635	0
FFQ	67	0	0	0	0	0	0	0	0	0	0	0	0	0	0	1876	0	0	0	0	0	0	259	0	0	0	0	0	684	0	0	0	0	4176	0	0	0	50084	0
FFQ	68	0	0	0	0	0	0	0	0	0	0	0	0	0	0	1788	0	0	0	0	0	0	213	0	0	0	0	0	499	0	0	0	0	2674	0	0	0	51905	0
FFQ	69	0	0	0	0	0	0	0	0	0	0	0	0	0	0	1469	0	0	0	0	0	0	418	0	0	0	0	0	989	0	0	0	0	5176	0	0	0	49027	0
FFQ	70	0	0	0	0	0	0	0	0	0	0	0	0	0	0	2666	0	0	0	0	0	0	461	0	0	0	0	0	1027	0	0	0	0	4651	0	0	0	48274	0
FFQ	71	0	0	0	0	0	0	0	0	0	0	0	0	0	0	2227	0	0	0	0	0	0	512	0	0	0	0	0	1571	0	0	0	0	8209	0	0	0	44560	0
FFQ	72	0	0	0	0	0	0	0	0	0	0	0	0	0	0	1567	0	0	0	0	0	0	611	0	0	0	0	0	2114	0	0	0	0	8456	0	0	0	44331	0
FFQ	73	0	0	0	0	0	0	0	0	0	0	0	0	0	0	2507	0	0	0	0	0	0	600	0	0	0	0	0	2742	0	0	0	0	9582	0	0	0	41648	0
FFQ	74	0	0	0	0	0	0	0	0	0	0	0	0	0	0	1680	0	0	0	0	0	0	490	0	0	0	0	0	2109	0	0	0	0	9534	0	0	0	43266	0
FFQ	75	0	0	0	0	0	0	0	0	0	0	0	0	0	0	1335	0	0	0	0	0	0	342	0	0	0	0	0	1224	0	0	0	0	5232	0	0	0	48946	0
FFQ	76	0	0	0	0	0	0	0	0	0	0	0	0	0	0	2418	0	0	0	0	0	0	222	0	0	0	0	0	1301	0	0	0	0	5310	0	0	0	47828	0
FFQ	77	0	0	0	0	0	0	0	0	0	0	0	0	0	0	2327	0	0	0	0	0	0	355	0	0	0	0	0	1818	0	0	0	0	7532	0	0	0	45047	0
FFQ	78	0	0	0	0	0	0	0	0	0	0	0	0	0	0	1431	0	0	0	0	0	0	313	0	0	0	0	0	1474	0	0	0	0	6153	0	0	0	47708	0
FFQ	79	0	0	0	0	0	0	0	0	0	0	0	0	0	0	2035	0	0	0	0	0	0	274	0	0	0	0	0	1406	0	0	0	0	6102	0	0	0	47262	0
FFQ	80	0	0	0	0	0	0	0	0	0	0	0	0	0	0	3257	0	0	0	0	0	0	219	0	0	0	0	0	1388	0	0	0	0	6011	0	0	0	46204	0
FFQ	81	0	0	0	0	0	0	0	0	0	0	0	0	0	0	3465	0	0	0	0	0	0	237	0	0	0	0	0	2363	0	0	0	0	7056	0	0	0	43956	0
FFQ	82	0	0	2	0	0	0	0	0	0	0	0	0	0	0	2610	0	0	0	0	0	0	290	0	0	0	0	0	1935	0	0	0	0	6078	0	0	0	46162	0
FFQ	83	0	0	0	0	0	0	0	0	0	0	0	0	0	0	1450	0	0	0	0	0	0	337	0	0	0	0	0	1285	0	0	0	0	4687	0	0	0	49318	0
FFQ	84	0	0	0	0	0	0	0	0	0	0	0	0	0	0	1972	0	0	0	0	0	0	404	0	0	0	0	0	1394	0	0	0	0	5366	0	0	0	47941	0
FFQ	85	0	0	0	0	0	0	0	0	0	0	0	0	0	0	3286	0	0	0	0	0	0	416	0	0	0	0	0	2106	0	0	0	0	6413	0	0	0	44856	0
FFQ	86	0	0	0	0	0	0	0	0	0	0	0	0	0	0	1978	0	0	0	0	0	0	569	0	0	0	0	0	1799	0	0	0	0	5710	0	0	0	47020	0
FFQ	87	0	0	0	0	0	0	0	0	0	0	0	0	0	0	2511	0	0	0	0	0	0	285	0	0	0	0	0	1252	0	0	0	0	4575	0	0	0	48453	0
FFQ	88	0	0	0	0	0	0	0	0	0	0	0	0	0	0	3141	0	0	0	0	0	0	224	0	0	0	0	0	1502	0	0	0	0	5645	0	0	0	46563	0
FFQ	89	0	0	1	0	0	0	0	0	0	0	0	0	0	0	1922	0	0	0	0	0	0	402	0	0	0	0	0	1341	0	0	0	0	4349	0	0	0	49060	0
FFQ	90	0	0	0	0	0	0	0	0	0	0	0	0	0	0	1757	0	0	0	0	0	0	316	0	0	0	0	0	1169	0	0	0	0	4485	0	0	0	49348	0
FFQ	91	0	0	0	0	0	0	0	0	0	0	0	0	0	0	6928	0	0	0	0	0	0	456	0	0	0	0	0	2658	0	0	0	0	6509	0	0	0	40524	0
FFQ	92	0	0	2	0	0	0	0	0	0	0	0	0	0	0	2896	0	0	0	0	0	0	414	0	0	0	0	0	2095	0	0	0	0	7142	0	0	0	44526	0
FFQ	93	0	0	2	0	0	0	0	0	0	0	0	0	0	0	1800	0	0	0	0	0	0	228	0	0	0	0	0	1305	0	0	0	0	4696	0	0	0	49044	0
FFQ	94	0	0	0	0	0	0	0	0	0	0	0	0	0	0	1953	0	0	0	0	0	0	337	0	0	0	0	0	1750	0	0	0	0	5506	0	0	0	47529	0
FFQ	95	0	0	0	0	0	0	0	0	0	0	0	0	0	0	2573	0	0	0	0	0	0	479	0	0	0	0	0	1952	0	0	0	0	7483	0	0	0	44585	0
FFQ	96	0	0	0	0	0	0	0	0	0	0	0	0	0	0	1876	0	0	0	0	0	0	407	0	0	0	0	0	1718	0	0	0	0	5807	0	0	0	47264	0
FFQ	97	0	0	0	0	0	0	0	0	0	0	0	0	0	0	7886	0	0	0	0	0	0	356	0	0	0	0	0	3066	0	0	0	0	7335	0	0	0	38429	0
FFQ	98	0	0	0	0	0	0	0	0	0	0	0	0	0	0	2540	0	0	0	0	0	0	447	0	0	0	0	0	2064	0	0	0	0	6288	0	0	0	45733	0
FFQ	99	0	0	0	0	0	0	0	0	0	0	0	0	0	0	6014	0	0	0	0	0	0	500	0	0	0	0	0	2566	0	0	0	0	7518	0	0	0	40474	0
FFQ	100	0	0	0	0	0	0	0	0	0	0	0	0	0	0	1443	0	0	0	0	0	0	491	0	0	0	0	0	1381	0	0	0	0	6122	0	0	0	47635	0
FFQ	101	0	0	0	0	0	0	0	0	0	0	0	0	0	0	2306	0	0	0	0	0	0	491	0	0	0	0	0	2600	0	0	0	0	8398	0	0	0	43277	0
FFQ	102	0	0	0	0	0	0	0	0	0	0	0	0	0	0	2453	0	0	0	0	0	0	299	0	0	0	0	0	1707	0	0	0	0	6765	0	0	0	45847	0
FFQ	103	0	0	0	0	0	0	0	0	0	0	0	0	0	0	3186	0	0	0	0	0	0	365	0	0	0	0	0	1433	0	0	0	0	5245	0	0	0	46820	0
FFQ	104	0	0	0	0	0	0	0	0	0	0	0	0	0	0	4170	0	0	0	0	0	0	433	0	0	0	0	0	2467	0	0	0	0	6846	0	0	0	42055	0
FFQ	105	0	0	0	0	0	0	0	0	0	0	0	0	0	0	3813	0	0	0	0	0	0	529	0	0	0	0	0	2880	0	0	0	0	6718	0	0	0	42026	0
FFQ	106	0	0	0	0	0	0	0	0	0	0	0	0	0	0	3468	0	0	0	0	0	0	438	0	0	0	0	0	3040	0	0	0	0	5440	0	0	0	43580	0
FFQ	107	0	0	0	0	0	0	0	0	0	0	0	0	0	0	6075	0	0	0	0	0	0	497	0	0	0	0	0	2978	0	0	0	0	6605	0	0	0	39811	0
FFQ	108	0	0	0	0	0	0	0	0	0	0	0	0	0	0	2527	0	0	0	0	0	0	312	0	0	0	0	0	1688	0	0	0	0	4999	0	0	0	46440	0
FFQ	109	0	0	0	0	0	0	0	0	0	0	0	0	0	0	2449	0	0	0	0	0	0	308	0	0	0	0	0	1494	0	0	0	0	4717	0	0	0	46998	0
FFQ	110	0	0	0	0	0	0	0	0	0	0	0	0	0	0	3620	0	0	0	0	0	0	419	0	0	0	0	0	2169	0	0	0	0	7143	0	0	0	42615	0
FFQ	111	0	0	0	0	0	0	0	0	0	0	0	0	0	0	7489	0	0	0	0	0	0	732	0	0	0	0	0	3448	0	0	0	0	7983	0	0	0	36314	0
FFQ	112	0	0	0	0	0	0	0	0	0	0	0	0	0	0	4388	0	0	0	0	0	0	707	0	0	0	0	0	3510	0	0	0	0	9587	0	0	0	37773	0
FFQ	113	0	0	0	0	0	0	0	0	0	0	0	0	0	0	3056	0	0	0	0	0	0	766	0	0	0	0	0	4014	0	0	0	0	9811	0	0	0	38306	0
FFQ	114	0	0	0	0	0	0	0	0	0	0	0	0	0	0	2620	0	0	0	0	0	0	520	0	0	0	0	0	3222	0	0	0	0	8948	0	0	0	39821	0
FFQ	115	0	0	0	0	0	0	0	0	0	0	0	0	0	0	3177	0	0	0	0	0	0	473	0	0	0	0	0	2608	0	0	0	0	7110	0	0	0	41758	0
FFQ	116	0	0	0	0	0	0	0	0	0	0	0	0	0	0	2921	0	0	0	0	0	0	723	0	0	0	0	0	3163	0	0	0	0	7711	0	0	0	40608	0
FFQ	117	0	0	0	0	0	0	0	0	0	0	0	0	0	0	2561	0	0	0	0	0	0	544	0	0	0	0	0	2531	0	0	0	0	8208	0	0	0	41282	0
FFQ	118	0	0	0	0	0	0	0	0	0	0	0	0	0	0	10026	0	0	0	0	0	0	575	0	0	0	0	0	4238	0	0	0	0	9570	0	0	0	30717	0
FFQ	119	0	0	0	0	0	0	0	0	0	0	0	0	0	0	1836	0	0	0	0	0	0	386	0	0	0	0	0	2463	0	0	0	0	8231	0	0	0	42210	0
FFQ	120	0	0	0	0	0	0	0	0	0	0	0	0	0	0	4959	0	0	0	0	0	0	356	0	0	0	0	0	3431	0	0	0	0	10507	0	0	0	35870	0
FFQ	121	0	0	0	0	0	0	0	0	0	0	0	0	0	0	3367	0	0	0	0	0	0	208	0	0	0	0	0	2847	0	0	0	0	7910	0	0	0	40791	0
FFQ	122	0	0	0	0	0	0	0	0	0	0	0	0	0	0	2400	0	0	0	0	0	0	251	0	0	0	0	0	2403	0	0	0	0	6523	0	0	0	43546	0
FFQ	123	0	0	0	0	0	0	0	0	0	0	0	0	0	0	2585	0	0	0	0	0	0	364	0	0	0	0	0	2696	0	0	0	0	8342	0	0	0	41134	0
FFQ	124	0	0	0	0	0	0	0	0	0	0	0	0	0	0	9848	0	0	0	0	0	0	312	0	0	0	0	0	5426	0	0	0	0	7849	0	0	0	31685	0
FFQ	125	0	0	0	0	0	0	0	0	0	0	0	0	0	0	4026	0	0	0	0	0	0	266	0	0	0	0	0	2840	0	0	0	0	7290	0	0	0	40696	0
FFQ	126	0	0	0	0	0	0	0	0	0	0	0	0	0	0	4113	0	0	0	0	0	0	359	0	0	0	0	0	3399	0	0	0	0	8632	0	0	0	38612	0
FFQ	127	0	0	0	0	0	0	0	0	0	0	0	0	0	0	4845	0	0	0	0	0	0	446	0	0	0	0	0	4002	0	0	0	0	8587	0	0	0	37207	0
FFQ	128	0	0	0	0	0	0	0	0	0	0	0	0	0	0	3001	0	0	0	0	0	0	295	0	0	0	0	0	3725	0	0	0	0	10649	0	0	0	35527	0
FFQ	129	0	0	0	0	0	0	0	0	0	0	0	0	0	0	2476	0	0	0	0	0	0	144	0	0	0	0	0	2444	0	0	0	0	6936	0	0	0	41161	0
FFQ	130	0	0	0	0	0	0	0	0	0	0	0	0	0	0	2570	0	0	0	0	0	0	153	0	0	0	0	0	2662	0	0	0	0	8646	0	0	0	37365	0
FFQ	131	0	0	0	0	0	0	0	0	0	0	0	0	0	0	3768	0	0	0	0	0	0	328	0	0	0	0	0	3788	0	0	0	0	11137	0	0	0	32367	0
FFQ	132	0	0	0	0	0	0	0	0	0	0	0	0	0	0	4178	0	0	0	0	0	0	402	0	0	0	0	0	5090	0	0	0	0	13514	0	0	0	28204	0
FFQ	133	0	0	0	0	0	0	0	0	0	0	0	0	0	0	2996	0	0	0	0	0	0	430	0	0	0	0	0	4191	0	0	0	0	11329	0	0	0	32395	0
FFQ	134	0	0	0	0	0	0	0	0	0	0	0	0	0	0	2887	0	0	0	0	0	0	493	0	0	0	0	0	4527	0	0	0	0	11655	0	0	0	28022	0
FFQ	135	0	0	0	0	0	0	0	0	0	0	0	0	0	0	2324	0	0	0	0	0	0	431	0	0	0	0	0	3540	0	0	0	0	12163	0	0	0	29118	0
FFQ	136	0	0	0	0	0	0	0	0	0	0	0	0	0	0	3452	0	0	0	0	0	0	443	0	0	0	0	0	4397	0	0	0	0	13081	0	0	0	26200	0
FFQ	137	0	0	0	0	0	0	0	0	0	0	0	0	0	0	4154	0	0	0	0	0	0	558	0	0	0	0	0	4199	0	0	0	0	12179	0	0	0	26481	0
FFQ	138	0	0	0	0	0	0	0	0	0	0	0	0	0	0	2325	0	0	0	0	0	0	419	0	0	0	0	0	3630	0	0	0	0	13779	0	0	0	27418	0
FFQ	139	0	0	0	0	0	0	0	0	0	0	0	0	0	0	2958	0	0	0	0	0	0	666	0	0	0	0	0	4057	0	0	0	0	12160	0	0	0	27728	0
FFQ	140	0	0	0	0	0	0	0	0	0	0	0	0	0	0	2810	0	0	0	0	0	0	622	0	0	0	0	0	3930	0	0	0	0	12469	0	0	0	27735	0
FFQ	141	0	0	0	0	0	0	0	0	0	0	0	0	0	0	2836	0	0	0	0	0	0	514	0	0	0	0	0	3682	0	0	0	0	11909	0	0	0	28579	0
FFQ	142	0	0	0	0	0	0	0	0	0	0	0	0	0	0	5447	0	0	0	0	0	0	1076	0	0	0	0	0	5272	0	0	0	0	12016	0	0	0	18905	0
FFQ	143	0	0	0	0	0	0	0	0	0	0	0	0	0	0	2902	0	0	0	0	0	0	608	0	0	0	0	0	3843	0	0	0	0	13283	0	0	0	22051	0
FFQ	144	0	0	0	0	0	0	0	0	0	0	0	0	0	0	3753	0	0	0	0	0	0	1141	0	0	0	0	0	6113	0	0	0	0	15073	0	0	0	16565	0
FFQ	145	0	0	0	0	0	0	0	0	0	0	0	0	0	0	11177	0	0	0	0	0	0	1697	0	0	0	0	0	7106	0	0	0	0	11194	0	0	0	9367	0
FFQ	146	0	0	0	0	0	0	0	0	0	0	0	0	0	0	2302	0	0	0	0	0	0	933	0	0	0	0	0	4906	0	0	0	0	14572	0	0	0	17818	0
FFQ	147	0	0	0	0	0	0	0	0	0	0	0	0	0	0	2954	0	0	0	0	0	0	975	0	0	0	0	0	4522	0	0	0	0	13718	0	0	0	18361	0
FFQ	148	0	0	0	0	0	0	0	0	0	0	0	0	0	0	12449	0	0	0	0	0	0	1294	0	0	0	0	0	4808	0	0	0	0	11561	0	0	0	10331	0
FFQ	149	0	0	0	0	0	0	0	0	0	0	0	0	0	0	4374	0	0	0	0	0	0	1028	0	0	0	0	0	5712	0	0	0	0	15430	0	0	0	13899	0
FFQ	150	0	0	0	0	0	0	0	0	0	0	0	0	0	0	3791	0	0	0	0	0	0	579	0	0	0	0	0	3944	0	0	0	0	14927	0	0	0	17202	0
# Last Fragment Qualities. Use `grep ^LFQ | cut -f 2-` to extract this part.
# Columns correspond to qualities and rows to cycles. First column is the cycle number.
LFQ	1	0	0	0	0	0	0	0	0	0	0	0	0	0	0	597	0	0	0	0	0	0	430	0	0	0	0	0	16	0	0	0	0	56019	0	0	0	0	0
LFQ	2	0	0	0	0	0	0	0	0	0	0	0	0	0	0	1084	0	0	0	0	0	0	238	0	0	0	0	0	8	0	0	0	0	55732	0	0	0	0	0
LFQ	3	0	0	0	0	0	0	0	0	0	0	0	0	0	0	845	0	0	0	0	0	0	257	0	0	0	0	0	2	0	0	0	0	55958	0	0	0	0	0
LFQ	4	0	0	0	0	0	0	0	0	0	0	0	0	0	0	817	0	0	0	0	0	0	353	0	0	0	0	0	7	0	0	0	0	55885	0	0	0	0	0
LFQ	5	0	0	0	0	0	0	0	0	0	0	0	0	0	0	2008	0	0	0	0	0	0	452	0	0	0	0	0	0	0	0	0	0	54602	0	0	0	0	0
LFQ	6	0	0	0	0	0	0	0	0	0	0	0	0	0	0	979	0	0	0	0	0	0	333	0	0	0	0	0	2	0	0	0	0	1833	0	0	0	53915	0
LFQ	7	0	0	0	0	0	0	0	0	0	0	0	0	0	0	1180	0	0	0	0	0	0	227	0	0	0	0	0	0	0	0	0	0	2207	0	0	0	53448	0
LFQ	8	0	0	0	0	0	0	0	0	0	0	0	0	0	0	875	0	0	0	0	0	0	400	0	0	0	0	0	3	0	0	0	0	1705	0	0	0	54079	0
LFQ	9	0	0	0	0	0	0	0	0	0	0	0	0	0	0	977	0	0	0	0	0	0	504	0	0	0	0	0	4	0	0	0	0	2194	0	0	0	53383	0
LFQ	10	0	0	0	0	0	0	0	0	0	0	0	0	0	0	807	0	0	0	0	0	0	249	0	0	0	0	0	5	0	0	0	0	1286	0	0	0	54715	0
LFQ	11	0	0	0	0	0	0	0	0	0	0	0	0	0	0	931	0	0	0	0	0	0	447	0	0	0	0	0	11	0	0	0	0	1768	0	0	0	53905	0
LFQ	12	0	0	0	0	0	0	0	0	0	0	0	0	0	0	1015	0	0	0	0	0	0	340	0	0	0	0	0	11	0	0	0	0	1698	0	0	0	53998	0
LFQ	13	0	0	0	0	0	0	0	0	0	0	0	0	0	0	976	0	0	0	0	0	0	268	0	0	0	0	0	21	0	0	0	0	1719	0	0	0	54078	0
LFQ	14	0	0	0	0	0	0	0	0	0	0	0	0	0	0	928	0	0	0	0	0	0	179	0	0	0	0	0	19	0	0	0	0	1543	0	0	0	54393	0
LFQ	15	0	0	0	0	0	0	0	0	0	0	0	0	0	0	842	0	0	0	0	0	0	282	0	0	0	0	0	15	0	0	0	0	1816	0	0	0	54107	0
LFQ	16	0	0	0	0	0	0	0	0	0	0	0	0	0	0	919	0	0	0	0	0	0	271	0	0	0	0	0	31	0	0	0	0	1952	0	0	0	53889	0
LFQ	17	0	0	0	0	0	0	0	0	0	0	0	0	0	0	924	0	0	0	0	0	0	291	0	0	0	0	0	52	0	0	0	0	1575	0	0	0	54220	0
LFQ	18	0	0	0	0	0	0	0	0	0	0	0	0	0	0	1157	0	0	0	0	0	0	254	0	0	0	0	0	119	0	0	0	0	2301	0	0	0	53231	0
LFQ	19	0	0	0	0	0	0	0	0	0	0	0	0	0	0	1045	0	0	0	0	0	0	304	0	0	0	0	0	167	0	0	0	0	1944	0	0	0	53602	0
LFQ	20	0	0	0	0	0	0	0	0	0	0	0	0	0	0	986	0	0	0	0	0	0	130	0	0	0	0	0	141	0	0	0	0	2274	0	0	0	53531	0
LFQ	21	0	0	0	0	0	0	0	0	0	0	0	0	0	0	967	0	0	0	0	0	0	253	0	0	0	0	0	152	0	0	0	0	1982	0	0	0	53708	0
LFQ	22	0	0	0	0	0	0	0	0	0	0	0	0	0	0	1171	0	0	0	0	0	0	228	0	0	0	0	0	167	0	0	0	0	2435	0	0	0	53061	0
LFQ	23	0	0	0	0	0	0	0	0	0	0	0	0	0	0	941	0	0	0	0	0	0	163	0	0	0	0	0	157	0	0	0	0	1809	0	0	0	53987	0
LFQ	24	0	0	0	0	0	0	0	0	0	0	0	0	0	0	1882	0	0	0	0	0	0	195	0	0	0	0	0	217	0	0	0	0	2447	0	0	0	52315	0
LFQ	25	0	0	0	0	0	0	0	0	0	0	0	0	0	0	1324	0	0	0	0	0	0	324	0	0	0	0	0	116	0	0	0	0	1993	0	0	0	53299	0
LFQ	26	0	0	0	0	0	0	0	0	0	0	0	0	0	0	1035	0	0	0	0	0	0	156	0	0	0	0	0	135	0	0	0	0	1824	0	0	0	53906	0
LFQ	27	0	0	0	0	0	0	0	0	0	0	0	0	0	0	1559	0	0	0	0	0	0	351	0	0	0	0	0	142	0	0	0	0	2183	0	0	0	52821	0
LFQ	28	0	0	0	0	0	0	0	0	0	0	0	0	0	0	1095	0	0	0	0	0	0	188	0	0	0	0	0	138	0	0	0	0	1734	0	0	0	53901	0
LFQ	29	0	0	0	0	0	0	0	0	0	0	0	0	0	0	1124	0	0	0	0	0	0	192	0	0	0	0	0	166	0	0	0	0	1631	0	0	0	53943	0
LFQ	30	0	0	0	0	0	0	0	0	0	0	0	0	0	0	1634	0	0	0	0	0	0	182	0	0	0	0	0	409	0	0	0	0	3034	0	0	0	51797	0
LFQ	31	0	0	0	0	0	0	0	0	0	0	0	0	0	0	938	0	0	0	0	0	0	118	0	0	0	0	0	281	0	0	0	0	2104	0	0	0	53615	0
LFQ	32	0	0	0	0	0	0	0	0	0	0	0	0	0	0	1866	0	0	0	0	0	0	154	0	0	0	0	0	290	0	0	0	0	2652	0	0	0	52094	0
LFQ	33	0	0	0	0	0	0	0	0	0	0	0	0	0	0	1257	0	0	0	0	0	0	140	0	0	0	0	0	403	0	0	0	0	3012	0	0	0	52244	0
LFQ	34	0	0	0	0	0	0	0	0	0	0	0	0	0	0	1144	0	0	0	0	0	0	95	0	0	0	0	0	360	0	0	0	0	2282	0	0	0	53175	0
LFQ	35	0	0	0	0	0	0	0	0	0	0	0	0	0	0	959	0	0	0	0	0	0	157	0	0	0	0	0	254	0	0	0	0	1895	0	0	0	53791	0
LFQ	36	0	0	0	0	0	0	0	0	0	0	0	0	0	0	2296	0	0	0	0	0	0	108	0	0	0	0	0	580	0	0	0	0	3778	0	0	0	50294	0
LFQ	37	0	0	0	0	0	0	0	0	0	0	0	0	0	0	2000	0	0	0	0	0	0	116	0	0	0	0	0	248	0	0	0	0	2021	0	0	0	52671	0
LFQ	38	0	0	0	0	0	0	0	0	0	0	0	0	0	0	1186	0	0	0	0	0	0	153	0	0	0	0	0	270	0	0	0	0	1641	0	0	0	53806	0
LFQ	39	0	0	0	0	0	0	0	0	0	0	0	0	0	0	1069	0	0	0	0	0	0	156	0	0	0	0	0	213	0	0	0	0	1735	0	0	0	53883	0
LFQ	40	0	0	0	0	0	0	0	0	0	0	0	0	0	0	1655	0	0	0	0	0	0	182	0	0	0	0	0	144	0	0	0	0	1756	0	0	0	53319	0
LFQ	41	0	0	0	0	0	0	0	0	0	0	0	0	0	0	1583	0	0	0	0	0	0	164	0	0	0	0	0	258	0	0	0	0	2222	0	0	0	52829	0
LFQ	42	0	0	0	0	0	0	0	0	0	0	0	0	0	0	1388	0	0	0	0	0	0	154	0	0	0	0	0	214	0	0	0	0	2064	0	0	0	53236	0
LFQ	43	0	0	0	0	0	0	0	0	0	0	0	0	0	0	1643	0	0	0	0	0	0	162	0	0	0	0	0	310	0	0	0	0	2085	0	0	0	52856	0
LFQ	44	0	0	0	0	0	0	0	0	0	0	0	0	0	0	971	0	0	0	0	0	0	162	0	0	0	0	0	304	0	0	0	0	1592	0	0	0	54027	0
LFQ	45	0	0	0	0	0	0	0	0	0	0	0	0	0	0	1284	0	0	0	0	0	0	114	0	0	0	0	0	269	0	0	0	0	1579	0	0	0	53810	0
LFQ	46	0	0	0	0	0	0	0	0	0	0	0	0	0	0	1985	0	0	0	0	0	0	198	0	0	0	0	0	289	0	0	0	0	2040	0	0	0	52544	0
LFQ	47	0	0	0	0	0	0	0	0	0	0	0	0	0	0	1569	0	0	0	0	0	0	194	0	0	0	0	0	239	0	0	0	0	1790	0	0	0	53264	0
LFQ	48	0	0	0	0	0	0	0	0	0	0	0	0	0	0	2054	0	0	0	0	0	0	230	0	0	0	0	0	273	0	0	0	0	1844	0	0	0	52655	0
LFQ	49	0	0	0	0	0	0	0	0	0	0	0	0	0	0	2290	0	0	0	0	0	0	218	0	0	0	0	0	276	0	0	0	0	1564	0	0	0	52708	0
LFQ	50	0	0	0	0	0	0	0	0	0	0	0	0	0	0	1992	0	0	0	0	0	0	316	0	0	0	0	0	616	0	0	0	0	2395	0	0	0	51737	0
LFQ	51	0	0	0	0	0	0	0	0	0	0	0	0	0	0	1481	0	0	0	0	0	0	234	0	0	0	0	0	356	0	0	0	0	1610	0	0	0	53375	0
LFQ	52	0	0	0	0	0	0	0	0	0	0	0	0	0	0	2386	0	0	0	0	0	0	458	0	0	0	0	0	679	0	0	0	0	2204	0	0	0	51329	0
LFQ	53	0	0	0	0	0	0	0	0	0	0	0	0	0	0	2009	0	0	0	0	0	0	308	0	0	0	0	0	561	0	0	0	0	2397	0	0	0	51781	0
LFQ	54	0	0	0	0	0	0	0	0	0	0	0	0	0	0	1601	0	0	0	0	0	0	330	0	0	0	0	0	540	0	0	0	0	1915	0	0	0	52670	0
LFQ	55	0	0	0	0	0	0	0	0	0	0	0	0	0	0	1647	0	0	0	0	0	0	312	0	0	0	0	0	488	0	0	0	0	1945	0	0	0	52664	0
LFQ	56	0	0	0	0	0	0	0	0	0	0	0	0	0	0	1845	0	0	0	0	0	0	320	0	0	0	0	0	474	0	0	0	0	2159	0	0	0	52258	0
LFQ	57	0	0	0	0	0	0	0	0	0	0	0	0	0	0	1787	0	0	0	0	0	0	281	0	0	0	0	0	547	0	0	0	0	2445	0	0	0	51996	0
LFQ	58	0	0	0	0	0	0	0	0	0	0	0	0	0	0	2070	0	0	0	0	0	0	440	0	0	0	0	0	1024	0	0	0	0	3378	0	0	0	50144	0
LFQ	59	0	0	0	0	0	0	0	0	0	0	0	0	0	0	1515	0	0	0	0	0	0	311	0	0	0	0	0	618	0	0	0	0	2477	0	0	0	52135	0
LFQ	60	0	0	0	0	0	0	0	0	0	0	0	0	0	0	2006	0	0	0	0	0	0	367	0	0	0	0	0	679	0	0	0	0	2435	0	0	0	51569	0
LFQ	61	0	0	0	0	0	0	0	0	0	0	0	0	0	0	1736	0	0	0	0	0	0	277	0	0	0	0	0	580	0	0	0	0	2128	0	0	0	52335	0
LFQ	62	0	0	0	0	0	0	0	0	0	0	0	0	0	0	1154	0	0	0	0	0	0	296	0	0	0	0	0	547	0	0	0	0	2159	0	0	0	52900	0
LFQ	63	0	0	0	0	0	0	0	0	0	0	0	0	0	0	2083	0	0	0	0	0	0	473	0	0	0	0	0	839	0	0	0	0	2888	0	0	0	50773	0
LFQ	64	0	0	0	0	0	0	0	0	0	0	0	0	0	0	1701	0	0	0	0	0	0	371	0	0	0	0	0	837	0	0	0	0	3190	0	0	0	50957	0
LFQ	65	0	0	0	0	0	0	0	0	0	0	0	0	0	0	2368	0	0	0	0	0	0	598	0	0	0	0	0	1255	0	0	0	0	4796	0	0	0	48039	0
LFQ	66	0	0	0	0	0	0	0	0	0	0	0	0	0	0	1673	0	0	0	0	0	0	279	0	0	0	0	0	1057	0	0	0	0	4226	0	0	0	49821	0
LFQ	67	0	0	0	0	0	0	0	0	0	0	0	0	0	0	1684	0	0	0	0	0	0	222	0	0	0	0	0	788	0	0	0	0	3173	0	0	0	51189	0
LFQ	68	0	0	0	0	0	0	0	0	0	0	0	0	0	0	2100	0	0	0	0	0	0	207	0	0	0	0	0	489	0	0	0	0	2886	0	0	0	51374	0
LFQ	69	0	0	0	0	0	0	0	0	0	0	0	0	0	0	1596	0	0	0	0	0	0	282	0	0	0	0	0	728	0	0	0	0	3221	0	0	0	51229	0
LFQ	70	0	0	0	0	0	0	0	0	0	0	0	0	0	0	1572	0	0	0	0	0	0	235	0	0	0	0	0	881	0	0	0	0	3110	0	0	0	51258	0
LFQ	71	0	0	0	0	0	0	0	0	0	0	0	0	0	0	1565	0	0	0	0	0	0	343	0	0	0	0	0	799	0	0	0	0	3232	0	0	0	51117	0
LFQ	72	0	0	0	0	0	0	0	0	0	0	0	0	0	0	1396	0	0	0	0	0	0	410	0	0	0	0	0	897	0	0	0	0	3575	0	0	0	50778	0
LFQ	73	0	0	0	0	0	0	0	0	0	0	0	0	0	0	2497	0	0	0	0	0	0	387	0	0	0	0	0	1782	0	0	0	0	5312	0	0	0	47078	0
LFQ	74	0	0	0	0	0	0	0	0	0	0	0	0	0	0	1677	0	0	0	0	0	0	291	0	0	0	0	0	876	0	0	0	0	3526	0	0	0	50686	0
LFQ	75	0	0	0	0	0	0	0	0	0	0	0	0	0	0	1413	0	0	0	0	0	0	302	0	0	0	0	0	818	0	0	0	0	3146	0	0	0	51377	0
LFQ	76	0	0	0	0	0	0	0	0	0	0	0	0	0	0	2079	0	0	0	0	0	0	184	0	0	0	0	0	870	0	0	0	0	3130	0	0	0	50793	0
LFQ	77	0	0	0	0	0	0	0	0	0	0	0	0	0	0	1872	0	0	0	0	0	0	273	0	0	0	0	0	934	0	0	0	0	3551	0	0	0	50426	0
LFQ	78	0	0	0	0	0	0	0	0	0	0	0	0	0	0	1626	0	0	0	0	0	0	233	0	0	0	0	0	829	0	0	0	0	3395	0	0	0	50973	0
LFQ	79	0	0	0	0	0	0	0	0	0	0	0	0	0	0	1764	0	0	0	0	0	0	239	0	0	0	0	0	1007	0	0	0	0	3386	0	0	0	50660	0
LFQ	80	0	0	0	0	0	0	0	0	0	0	0	0	0	0	2844	0	0	0	0	0	0	219	0	0	0	0	0	1242	0	0	0	0	4125	0	0	0	48626	0
LFQ	81	0	0	0	0	0	0	0	0	0	0	0	0	0	0	3070	0	0	0	0	0	0	307	0	0	0	0	0	1376	0	0	0	0	5116	0	0	0	47185	0
LFQ	82	0	0	0	0	0	0	0	0	0	0	0	0	0	0	2521	0	0	0	0	0	0	215	0	0	0	0	0	1657	0	0	0	0	4770	0	0	0	47891	0
LFQ	83	0	0	0	0	0	0	0	0	0	0	0	0	0	0	1590	0	0	0	0	0	0	231	0	0	0	0	0	1023	0	0	0	0	3666	0	0	0	50544	0
LFQ	84	0	0	0	0	0	0	0	0	0	0	0	0	0	0	1813	0	0	0	0	0	0	300	0	0	0	0	0	1075	0	0	0	0	3553	0	0	0	50313	0
LFQ	85	0	0	0	0	0	0	0	0	0	0	0	0	0	0	2484	0	0	0	0	0	0	224	0	0	0	0	0	1362	0	0	0	0	4102	0	0	0	48882	0
LFQ	86	0	0	0	0	0	0	0	0	0	0	0	0	0	0	1998	0	0	0	0	0	0	381	0	0	0	0	0	1214	0	0	0	0	4237	0	0	0	49223	0
LFQ	87	0	0	0	0	0	0	0	0	0	0	0	0	0	0	2422	0	0	0	0	0	0	189	0	0	0	0	0	1067	0	0	0	0	3905	0	0	0	49470	0
LFQ	88	0	0	0	0	0	0	0	0	0	0	0	0	0	0	3344	0	0	0	0	0	0	348	0	0	0	0	0	1590	0	0	0	0	5181	0	0	0	46589	0
LFQ	89	0	0	0	0	0	0	0	0	0	0	0	0	0	0	1539	0	0	0	0	0	0	374	0	0	0	0	0	1132	0	0	0	0	3483	0	0	0	50524	0
LFQ	90	0	0	0	0	0	0	0	0	0	0	0	0	0	0	1429	0	0	0	0	0	0	431	0	0	0	0	0	1074	0	0	0	0	3785	0	0	0	50333	0
LFQ	91	0	0	0	0	0	0	0	0	0	0	0	0	0	0	3606	0	0	0	0	0	0	482	0	0	0	0	0	2146	0	0	0	0	5836	0	0	0	44982	0
LFQ	92	0	0	0	0	0	0	0	0	0	0	0	0	0	0	2352	0	0	0	0	0	0	327	0	0	0	0	0	1600	0	0	0	0	4523	0	0	0	48250	0
LFQ	93	0	0	0	0	0	0	0	0	0	0	0	0	0	0	1827	0	0	0	0	0	0	260	0	0	0	0	0	1234	0	0	0	0	4242	0	0	0	49489	0
LFQ	94	0	0	0	0	0	0	0	0	0	0	0	0	0	0	1962	0	0	0	0	0	0	227	0	0	0	0	0	1450	0	0	0	0	4202	0	0	0	49211	0
LFQ	95	0	0	0	0	0	0	0	0	0	0	0	0	0	0	2584	0	0	0	0	0	0	347	0	0	0	0	0	1656	0	0	0	0	4897	0	0	0	47565	0
LFQ	96	0	0	0	0	0	0	0	0	0	0	0	0	0	0	1667	0	0	0	0	0	0	384	0	0	0	0	0	1300	0	0	0	0	4591	0	0	0	49107	0
LFQ	97	0	0	0	0	0	0	0	0	0	0	0	0	0	0	6298	0	0	0	0	0	0	469	0	0	0	0	0	3249	0	0	0	0	6319	0	0	0	40714	0
LFQ	98	0	0	0	0	0	0	0	0	0	0	0	0	0	0	2376	0	0	0	0	0	0	400	0	0	0	0	0	1886	0	0	0	0	5382	0	0	0	47005	0
LFQ	99	0	0	0	0	0	0	0	0	0	0	0	0	0	0	5032	0	0	0	0	0	0	423	0	0	0	0	0	3255	0	0	0	0	6407	0	0	0	41932	0
LFQ	100	0	0	0	0	0	0	0	0	0	0	0	0	0	0	1457	0	0	0	0	0	0	402	0	0	0	0	0	1179	0	0	0	0	4531	0	0	0	49480	0
LFQ	101	0	0	0	0	0	0	0	0	0	0	0	0	0	0	2274	0	0	0	0	0	0	363	0	0	0	0	0	1915	0	0	0	0	5999	0	0	0	46498	0
LFQ	102	0	0	0	0	0	0	0	0	0	0	0	0	0	0	2480	0	0	0	0	0	0	244	0	0	0	0	0	1740	0	0	0	0	5937	0	0	0	46647	0
LFQ	103	0	0	0	0	0	0	0	0	0	0	0	0	0	0	2784	0	0	0	0	0	0	280	0	0	0	0	0	1409	0	0	0	0	4004	0	0	0	48549	0
LFQ	104	0	0	0	0	0	0	0	0	0	0	0	0	0	0	3162	0	0	0	0	0	0	287	0	0	0	0	0	1956	0	0	0	0	5006	0	0	0	45541	0
LFQ	105	0	0	0	0	0	0	0	0	0	0	0	0	0	0	4062	0	0	0	0	0	0	382	0	0	0	0	0	2528	0	0	0	0	5532	0	0	0	43443	0
LFQ	106	0	0	0	0	0	0	0	0	0	0	0	0	0	0	2771	0	0	0	0	0	0	392	0	0	0	0	0	2342	0	0	0	0	4720	0	0	0	45721	0
LFQ	107	0	0	0	0	0	0	0	0	0	0	0	0	0	0	4875	0	0	0	0	0	0	374	0	0	0	0	0	3000	0	0	0	0	6379	0	0	0	41318	0
LFQ	108	0	0	0	0	0	0	0	0	0	0	0	0	0	0	2293	0	0	0	0	0	0	248	0	0	0	0	0	1456	0	0	0	0	4692	0	0	0	47257	0
LFQ	109	0	0	0	0	0	0	0	0	0	0	0	0	0	0	2327	0	0	0	0	0	0	221	0	0	0	0	0	1342	0	0	0	0	4316	0	0	0	47740	0
LFQ	110	0	0	0	0	0	0	0	0	0	0	0	0	0	0	2760	0	0	0	0	0	0	227	0	0	0	0	0	1879	0	0	0	0	4381	0	0	0	46699	0
LFQ	111	0	0	0	0	0	0	0	0	0	0	0	0	0	0	5661	0	0	0	0	0	0	354	0	0	0	0	0	2942	0	0	0	0	6838	0	0	0	40151	0
LFQ	112	0	0	0	0	0	0	0	0	0	0	0	0	0	0	3437	0	0	0	0	0	0	363	0	0	0	0	0	2518	0	0	0	0	5850	0	0	0	43777	0
LFQ	113	0	0	0	0	0	0	0	0	0	0	0	0	0	0	2530	0	0	0	0	0	0	464	0	0	0	0	0	2628	0	0	0	0	6729	0	0	0	43583	0
LFQ	114	0	0	0	0	0	0	0	0	0	0	0	0	0	0	2387	0	0	0	0	0	0	312	0	0	0	0	0	2253	0	0	0	0	6643	0	0	0	43518	0
LFQ	115	0	0	0	0	0	0	0	0	0	0	0	0	0	0	2781	0	0	0	0	0	0	318	0	0	0	0	0	2520	0	0	0	0	6398	0	0	0	43091	0
LFQ	116	0	0	0	0	0	0	0	0	0	0	0	0	0	0	3336	0	0	0	0	0	0	486	0	0	0	0	0	3350	0	0	0	0	6828	0	0	0	41108	0
LFQ	117	0	0	0	0	0	0	0	0	0	0	0	0	0	0	2256	0	0	0	0	0	0	364	0	0	0	0	0	2029	0	0	0	0	5868	0	0	0	44591	0
LFQ	118	0	0	0	0	0	0	0	0	0	0	0	0	0	0	5612	0	0	0	0	0	0	345	0	0	0	0	0	3933	0	0	0	0	7853	0	0	0	37365	0
LFQ	119	0	0	0	0	0	0	0	0	0	0	0	0	0	0	1787	0	0	0	0	0	0	257	0	0	0	0	0	1906	0	0	0	0	5417	0	0	0	45741	0
LFQ	120	0	0	0	0	0	0	0	0	0	0	0	0	0	0	4378	0	0	0	0	0	0	259	0	0	0	0	0	3110	0	0	0	0	8173	0	0	0	39185	0
LFQ	121	0	0	0	0	0	0	0	0	0	0	0	0	0	0	2993	0	0	0	0	0	0	175	0	0	0	0	0	2265	0	0	0	0	6410	0	0	0	43262	0
LFQ	122	0	0	0	0	0	0	0	0	0	0	0	0	0	0	1986	0	0	0	0	0	0	164	0	0	0	0	0	2034	0	0	0	0	5363	0	0	0	45558	0
LFQ	123	0	0	0	0	0	0	0	0	0	0	0	0	0	0	2368	0	0	0	0	0	0	262	0	0	0	0	0	2434	0	0	0	0	7592	0	0	0	42447	0
LFQ	124	0	0	0	0	0	0	0	0	0	0	0	0	0	0	7648	0	0	0	0	0	0	389	0	0	0	0	0	5096	0	0	0	0	8682	0	0	0	33287	0
LFQ	125	0	0	0	0	0	0	0	0	0	0	0	0	0	0	3600	0	0	0	0	0	0	368	0	0	0	0	0	3030	0	0	0	0	8783	0	0	0	39319	0
LFQ	126	0	0	0	0	0	0	0	0	0	0	0	0	0	0	3754	0	0	0	0	0	0	377	0	0	0	0	0	3018	0	0	0	0	8817	0	0	0	39131	0
LFQ	127	0	0	0	0	0	0	0	0	0	0	0	0	0	0	5200	0	0	0	0	0	0	427	0	0	0	0	0	3842	0	0	0	0	8927	0	0	0	36674	0
LFQ	128	0	0	0	0	0	0	0	0	0	0	0	0	0	0	2902	0	0	0	0	0	0	275	0	0	0	0	0	3769	0	0	0	0	10660	0	0	0	35542	0
LFQ	129	0	0	0	0	0	0	0	0	0	0	0	0	0	0	2578	0	0	0	0	0	0	230	0	0	0	0	0	2695	0	0	0	0	9108	0	0	0	38501	0
LFQ	130	0	0	0	0	0	0	0	0	0	0	0	0	0	0	2429	0	0	0	0	0	0	197	0	0	0	0	0	2725	0	0	0	0	8777	0	0	0	37219	0
LFQ	131	0	0	0	0	0	0	0	0	0	0	0	0	0	0	2985	0	0	0	0	0	0	353	0	0	0	0	0	3768	0	0	0	0	10136	0	0	0	34097	0
LFQ	132	0	0	0	0	0	0	0	0	0	0	0	0	0	0	2682	0	0	0	0	0	0	291	0	0	0	0	0	3603	0	0	0	0	12393	0	0	0	32370	0
LFQ	133	0	0	0	0	0	0	0	0	0	0	0	0	0	0	2247	0	0	0	0	0	0	316	0	0	0	0	0	3545	0	0	0	0	10742	0	0	0	34442	0
LFQ	134	0	0	0	0	0	0	0	0	0	0	0	0	0	0	2740	0	0	0	0	0	0	396	0	0	0	0	0	4157	0	0	0	0	10629	0	0	0	29616	0
LFQ	135	0	0	0	0	0	0	0	0	0	0	0	0	0	0	2466	0	0	0	0	0	0	335	0	0	0	0	0	3635	0	0	0	0	12040	0	0	0	29054	0
LFQ	136	0	0	0	0	0	0	0	0	0	0	0	0	0	0	3394	0	0	0	0	0	0	481	0	0	0	0	0	4262	0	0	0	0	14131	0	0	0	25259	0
LFQ	137	0	0	0	0	0	0	0	0	0	0	0	0	0	0	3663	0	0	0	0	0	0	539	0	0	0	0	0	4020	0	0	0	0	11443	0	0	0	27860	0
LFQ	138	0	0	0	0	0	0	0	0	0	0	0	0	0	0	1885	0	0	0	0	0	0	350	0	0	0	0	0	3214	0	0	0	0	11981	0	0	0	30095	0
LFQ	139	0	0	0	0	0	0	0	0	0	0	0	0	0	0	3453	0	0	0	0	0	0	448	0	0	0	0	0	3894	0	0	0	0	11755	0	0	0	27973	0
LFQ	140	0	0	0	0	0	0	0	0	0	0	0	0	0	0	2431	0	0	0	0	0	0	635	0	0	0	0	0	3882	0	0	0	0	13814	0	0	0	26758	0
LFQ	141	0	0	0	0	0	0	0	0	0	0	0	0	0	0	2476	0	0	0	0	0	0	500	0	0	0	0	0	3806	0	0	0	0	13479	0	0	0	27213	0
LFQ	142	0	0	0	0	0	0	0	0	0	0	0	0	0	0	4474	0	0	0	0	0	0	781	0	0	0	0	0	4249	0	0	0	0	12353	0	0	0	20836	0
LFQ	143	0	0	0	0	0	0	0	0	0	0	0	0	0	0	2671	0	0	0	0	0	0	526	0	0	0	0	0	3957	0	0	0	0	12247	0	0	0	23264	0
LFQ	144	0	0	0	0	0	0	0	0	0	0	0	0	0	0	2776	0	0	0	0	0	0	966	0	0	0	0	0	4964	0	0	0	0	12748	0	0	0	21168	0
LFQ	145	0	0	0	0	0	0	0	0	0	0	0	0	0	0	7269	0	0	0	0	0	0	1757	0	0	0	0	0	7436	0	0	0	0	12003	0	0	0	12036	0
LFQ	146	0	0	0	0	0	0	0	0	0	0	0	0	0	0	2567	0	0	0	0	0	0	1015	0	0	0	0	0	4754	0	0	0	0	14901	0	0	0	17254	0
LFQ	147	0	0	0	0	0	0	0	0	0	0	0	0	0	0	2100	0	0	0	0	0	0	819	0	0	0	0	0	3627	0	0	0	0	11718	0	0	0	22226	0
LFQ	148	0	0	0	0	0	0	0	0	0	0	0	0	0	0	8627	0	0	0	0	0	0	1400	0	0	0	0	0	5361	0	0	0	0	11400	0	0	0	13620	0
LFQ	149	0	0	0	0	0	0	0	0	0	0	0	0	0	0	2308	0	0	0	0	0	0	776	0	0	0	0	0	4213	0	0	0	0	13901	0	0	0	19210	0
LFQ	150	0	0	0	0	0	0	0	0	0	0	0	0	0	0	2281	0	0	0	0	0	0	630	0	0	0	0	0	3412	0	0	0	0	16157	0	0	0	17928	0
# GC Content of first fragments. Use `grep ^GCF | cut -f 2-` to extract this part.
GCF	17.59	0
GCF	35.43	2
GCF	35.93	6
GCF	36.43	8
GCF	36.93	55
GCF	37.44	62
GCF	37.94	1832
GCF	38.44	1850
GCF	38.94	50
GCF	39.45	20
GCF	41.71	0
GCF	44.22	1
GCF	45.48	0
GCF	46.73	1
GCF	48.24	0
GCF	49.75	1
GCF	50.75	0
GCF	51.51	3
GCF	52.01	2
GCF	52.76	1
GCF	53.52	4
GCF	54.02	6
GCF	54.52	10
GCF	55.03	11
GCF	55.53	21
GCF	56.03	195
GCF	56.53	1942
GCF	57.04	1945
GCF	57.54	269
GCF	58.04	3457
GCF	58.54	1730
GCF	59.05	126
GCF	59.55	28
GCF	60.05	138
GCF	60.55	182
GCF	61.06	3586
GCF	61.56	329
GCF	62.06	676
GCF	62.56	740
GCF	63.07	7995
GCF	63.57	8459
GCF	64.07	3182
GCF	64.57	1108
GCF	65.08	1080
GCF	65.58	142
GCF	66.08	95
GCF	66.58	78
GCF	67.09	88
GCF	67.59	86
GCF	68.09	367
GCF	68.59	6753
GCF	69.10	439
GCF	69.60	437
GCF	70.10	891
GCF	70.60	204
GCF	71.11	3241
GCF	71.61	3295
GCF	72.11	2596
GCF	72.61	315
GCF	73.37	880
GCF	74.12	12277
GCF	74.62	1082
GCF	75.13	248
GCF	75.63	245
GCF	76.13	81
GCF	76.63	43
GCF	77.39	18
GCF	78.14	9
GCF	78.64	16
GCF	79.40	10
GCF	80.15	8
GCF	80.65	3
GCF	81.41	1
GCF	82.16	2
GCF	82.66	1
GCF	83.42	3
GCF	84.17	2
# GC Content of last fragments. Use `grep ^GCL | cut -f 2-` to extract this part.
GCL	15.08	0
GCL	30.65	1
GCL	32.16	0
GCL	33.42	1
GCL	34.92	2
GCL	36.43	5
GCL	36.93	51
GCL	37.44	58
GCL	37.94	1834
GCL	38.44	1852
GCL	38.94	46
GCL	39.45	17
GCL	42.46	0
GCL	45.48	1
GCL	46.48	0
GCL	47.49	1
GCL	47.99	0
GCL	48.49	1
GCL	48.99	0
GCL	50.00	2
GCL	51.01	3
GCL	51.51	4
GCL	52.01	5
GCL	53.02	6
GCL	54.02	11
GCL	54.52	20
GCL	55.03	17
GCL	55.53	35
GCL	56.03	203
GCL	56.53	1935
GCL	57.04	1939
GCL	57.54	288
GCL	58.04	3490
GCL	58.54	1712
GCL	59.05	106
GCL	59.55	67
GCL	60.05	196
GCL	60.55	234
GCL	61.06	3473
GCL	61.56	343
GCL	62.06	746
GCL	62.56	766
GCL	63.07	8284
GCL	63.57	8426
GCL	64.07	2748
GCL	64.57	872
GCL	65.08	865
GCL	65.58	119
GCL	66.58	41
GCL	67.59	29
GCL	68.09	291
GCL	68.59	6116
GCL	69.35	443
GCL	70.10	907
GCL	70.60	213
GCL	71.11	3329
GCL	71.61	3388
GCL	72.11	3054
GCL	72.61	299
GCL	73.37	981
GCL	74.12	13255
GCL	74.62	706
GCL	75.13	144
GCL	75.63	143
GCL	76.13	56
GCL	76.63	25
GCL	77.39	14
GCL	78.14	12
GCL	78.64	9
GCL	79.15	8
GCL	79.65	7
GCL	80.40	4
GCL	81.41	5
GCL	82.41	2
GCL	83.42	1
GCL	84.17	2
GCL	84.67	4
GCL	85.43	0
GCL	86.18	1
GCL	86.68	2
GCL	88.94	0
GCL	91.46	1
# ACGT content per cycle. Use `grep ^GCC | cut -f 2-` to extract this part. The columns are: cycle; A,C,G,T base counts as a percentage of all A/C/G/T bases [%]; and N and O counts as a percentage of all A/C/G/T bases [%]
GCC	1	35.04	12.22	30.81	21.93	0.02	0.00
GCC	2	8.69	35.00	17.63	38.68	0.00	0.00
GCC	3	23.25	16.57	48.97	11.22	0.00	0.00
GCC	4	15.04	60.42	12.05	12.49	0.00	0.00
GCC	5	19.58	29.18	22.43	28.81	0.00	0.00
GCC	6	7.10	33.21	54.59	5.10	0.00	0.00
GCC	7	29.53	8.94	43.21	18.31	0.00	0.00
GCC	8	9.55	45.13	20.87	24.45	0.00	0.00
GCC	9	48.20	20.96	21.04	9.80	0.00	0.00
GCC	10	26.83	15.05	17.43	40.69	0.00	0.00
GCC	11	20.35	28.39	41.98	9.28	0.00	0.00
GCC	12	23.07	25.19	42.96	8.78	0.00	0.00
GCC	13	21.20	38.31	14.09	26.41	0.00	0.00
GCC	14	33.27	22.06	15.96	28.71	0.00	0.00
GCC	15	54.08	9.61	28.91	7.40	0.00	0.00
GCC	16	32.09	31.04	22.24	14.63	0.00	0.00
GCC	17	28.10	27.09	18.28	26.52	0.00	0.00
GCC	18	27.59	5.14	58.55	8.72	0.00	0.00
GCC	19	15.43	53.66	21.71	9.20	0.00	0.00
GCC	20	16.27	50.66	24.97	8.10	0.00	0.00
GCC	21	14.49	28.41	31.89	25.21	0.00	0.00
GCC	22	18.56	52.62	24.31	4.51	0.00	0.00
GCC	23	7.01	32.85	25.27	34.87	0.00	0.00
GCC	24	19.83	27.23	47.05	5.89	0.00	0.00
GCC	25	7.03	40.38	33.75	18.83	0.00	0.00
GCC	26	9.49	38.34	22.51	29.66	0.00	0.00
GCC	27	11.21	28.02	45.03	15.74	0.00	0.00
GCC	28	17.14	48.07	22.87	11.92	0.00	0.00
GCC	29	19.02	38.93	29.59	12.47	0.00	0.00
GCC	30	8.13	44.50	29.02	18.34	0.00	0.00
GCC	31	28.46	40.86	16.67	14.01	0.00	0.00
GCC	32	14.09	46.30	14.67	24.95	0.00	0.00
GCC	33	5.11	38.97	34.60	21.32	0.00	0.00
GCC	34	31.61	14.27	51.45	2.67	0.00	0.00
GCC	35	15.14	49.93	26.56	8.37	0.00	0.00
GCC	36	26.33	32.07	22.30	19.30	0.00	0.00
GCC	37	30.02	18.24	26.67	25.07	0.00	0.00
GCC	38	6.03	47.00	34.45	12.51	0.00	0.00
GCC	39	9.35	54.48	15.11	21.06	0.00	0.00
GCC	40	15.40	43.74	35.65	5.21	0.00	0.00
GCC	41	27.27	42.13	21.60	9.01	0.00	0.00
GCC	42	3.90	27.58	50.44	18.08	0.00	0.00
GCC	43	9.10	51.25	25.08	14.57	0.00	0.00
GCC	44	3.16	29.44	56.79	10.60	0.00	0.00
GCC	45	14.07	61.76	12.94	11.23	0.00	0.00
GCC	46	25.58	24.11	29.60	20.71	0.00	0.00
GCC	47	23.18	17.06	50.12	9.63	0.00	0.00
GCC	48	6.90	22.26	68.54	2.31	0.00	0.00
GCC	49	9.68	34.14	34.39	21.79	0.00	0.00
GCC	50	32.87	23.13	21.28	22.72	0.00	0.00
GCC	51	16.43	58.07	14.74	10.75	0.00	0.00
GCC	52	21.73	53.73	16.81	7.74	0.00	0.00
GCC	53	10.13	48.01	28.87	13.00	0.00	0.00
GCC	54	12.01	38.16	20.86	28.97	0.00	0.00
GCC	55	6.99	32.77	48.38	11.86	0.00	0.00
GCC	56	11.43	56.11	27.69	4.77	0.01	0.00
GCC	57	18.87	39.08	35.28	6.77	0.00	0.00
GCC	58	28.25	40.38	11.10	20.27	0.00	0.00
GCC	59	24.75	45.90	26.86	2.49	0.00	0.00
GCC	60	22.28	23.55	45.74	8.43	0.00	0.00
GCC	61	28.12	13.31	27.06	31.51	0.00	0.00
GCC	62	13.47	55.66	17.83	13.04	0.00	0.00
GCC	63	13.11	2.28	74.72	9.89	0.00	0.00
GCC	64	19.13	27.17	42.04	11.66	0.00	0.00
GCC	65	10.66	31.66	40.10	17.58	0.00	0.00
GCC	66	29.71	24.20	33.08	13.01	0.00	0.00
GCC	67	27.19	23.29	20.69	28.84	0.00	0.00
GCC	68	5.39	44.31	42.63	7.67	0.00	0.00
GCC	69	8.77	25.44	53.09	12.70	0.00	0.00
GCC	70	23.58	35.58	28.02	12.82	0.00	0.00
GCC	71	12.27	33.41	44.02	10.30	0.00	0.00
GCC	72	11.62	40.97	36.49	10.92	0.00	0.00
GCC	73	42.87	16.35	23.68	17.10	0.00	0.00
GCC	74	7.01	21.84	61.58	9.57	0.00	0.00
GCC	75	9.84	61.81	18.05	10.31	0.00	0.00
GCC	76	21.43	23.07	29.26	26.25	0.00	0.00
GCC	77	11.82	39.12	36.36	12.70	0.00	0.00
GCC	78	7.96	56.98	30.13	4.94	0.00	0.00
GCC	79	12.30	10.71	37.97	39.03	0.00	0.00
GCC	80	24.14	44.81	19.38	11.67	0.00	0.00
GCC	81	26.37	47.45	14.08	12.10	0.00	0.00
GCC	82	4.57	26.79	38.76	29.89	0.00	0.00
GCC	83	17.89	53.01	14.50	14.60	0.00	0.00
GCC	84	8.68	46.80	36.30	8.23	0.00	0.00
GCC	85	31.44	22.47	33.24	12.85	0.00	0.00
GCC	86	9.55	16.86	65.44	8.15	0.00	0.00
GCC	87	11.96	19.76	32.96	35.32	0.00	0.00
GCC	88	4.11	26.52	21.48	47.89	0.00	0.00
GCC	89	11.66	40.54	35.61	12.19	0.00	0.00
GCC	90	13.97	40.99	36.95	8.09	0.00	0.00
GCC	91	31.76	36.01	21.85	10.38	0.00	0.00
GCC	92	18.86	32.78	29.54	18.83	0.00	0.00
GCC	93	7.75	41.23	46.00	5.01	0.00	0.00
GCC	94	12.54	35.62	48.64	3.19	0.00	0.00
GCC	95	17.73	10.81	59.09	12.36	0.00	0.00
GCC	96	3.56	50.06	24.42	21.97	0.00	0.00
GCC	97	18.54	24.59	16.21	40.66	0.00	0.00
GCC	98	18.15	19.29	52.44	10.12	0.00	0.00
GCC	99	31.00	42.19	24.48	2.32	0.00	0.00
GCC	100	14.78	32.24	51.08	1.90	0.00	0.00
GCC	101	16.19	6.39	71.74	5.68	0.00	0.00
GCC	102	12.57	40.82	40.30	6.31	0.00	0.00
GCC	103	1.54	51.18	27.44	19.83	0.00	0.00
GCC	104	13.88	31.27	29.37	25.48	0.00	0.00
GCC	105	10.45	46.81	24.14	18.60	0.00	0.00
GCC	106	13.30	45.86	26.97	13.87	0.00	0.00
GCC	107	49.57	15.18	32.37	2.89	0.00	0.00
GCC	108	15.89	26.75	48.53	8.84	0.00	0.00
GCC	109	21.57	23.55	39.94	14.94	0.00	0.00
GCC	110	17.10	27.12	32.70	23.08	0.00	0.00
GCC	111	24.95	30.89	22.08	22.08	0.00	0.00
GCC	112	18.02	25.73	20.15	36.11	0.00	0.00
GCC	113	20.94	36.55	25.61	16.89	0.00	0.00
GCC	114	19.51	15.54	58.34	6.61	0.00	0.00
GCC	115	13.76	59.79	12.24	14.21	0.00	0.00
GCC	116	24.76	15.91	38.47	20.87	0.00	0.00
GCC	117	2.28	51.76	27.60	18.35	0.00	0.00
GCC	118	35.62	10.88	38.18	15.32	0.00	0.00
GCC	119	11.09	45.44	34.53	8.94	0.00	0.00
GCC	120	23.13	45.46	27.44	3.97	0.00	0.00
GCC	121	15.22	33.83	25.23	25.72	0.00	0.00
GCC	122	30.00	45.45	17.20	7.34	0.00	0.00
GCC	123	12.62	43.38	33.03	10.97	0.00	0.00
GCC	124	20.48	19.52	37.41	22.59	0.00	0.00
GCC	125	13.56	17.70	59.58	9.15	0.00	0.00
GCC	126	4.69	67.18	8.94	19.19	0.00	0.00
GCC	127	20.63	40.78	19.79	18.80	0.00	0.00
GCC	128	13.91	19.89	50.11	16.09	0.00	0.00
GCC	129	8.12	72.60	8.06	11.21	0.00	0.00
GCC	130	3.92	35.70	58.02	2.35	0.00	0.00
GCC	131	41.46	23.56	23.06	11.93	0.00	0.00
GCC	132	8.17	57.50	14.07	20.25	0.00	0.00
GCC	133	9.15	52.14	38.48	0.23	0.00	0.00
GCC	134	33.65	28.13	28.28	9.94	0.00	0.00
GCC	135	6.81	28.86	44.92	19.40	0.00	0.00
GCC	136	12.92	39.64	35.59	11.85	0.00	0.00
GCC	137	16.44	50.33	10.07	23.16	0.00	0.00
GCC	138	6.82	56.11	27.10	9.96	0.00	0.00
GCC	139	2.30	42.87	13.53	41.30	0.00	0.00
GCC	140	15.11	43.51	39.49	1.89	0.00	0.00
GCC	141	5.65	35.80	44.80	13.75	0.00	0.00
GCC	142	16.13	36.60	5.67	41.60	0.00	0.00
GCC	143	12.30	25.11	50.46	12.13	0.00	0.00
GCC	144	22.42	55.44	7.08	15.06	0.00	0.00
GCC	145	71.83	7.83	3.66	16.69	0.00	0.00
GCC	146	23.46	5.59	65.61	5.34	0.00	0.00
GCC	147	7.79	32.98	52.00	7.23	0.00	0.00
GCC	148	54.62	13.57	16.85	14.96	0.00	0.00
GCC	149	17.73	56.33	14.03	11.91	0.00	0.00
GCC	150	7.68	61.44	24.00	6.88	0.00	0.00
# ACGT content per cycle for first fragments. Use `grep ^FBC | cut -f 2-` to extract this part. The columns are: cycle; A,C,G,T base counts as a percentage of all A/C/G/T bases [%]; and N and O counts as a percentage of all A/C/G/T bases [%]
FBC	1	35.40	11.94	30.80	21.87	0.05	0.00
FBC	2	8.58	35.18	18.21	38.03	0.00	0.00
FBC	3	23.99	17.19	47.69	11.12	0.00	0.00
FBC	4	14.86	60.65	12.20	12.29	0.00	0.00
FBC	5	19.95	28.51	22.12	29.43	0.00	0.00
FBC	6	7.19	32.35	55.47	4.99	0.00	0.00
FBC	7	28.43	9.05	44.11	18.42	0.00	0.00
FBC	8	9.41	44.66	20.84	25.10	0.00	0.00
FBC	9	49.10	20.67	20.51	9.72	0.00	0.00
FBC	10	26.99	15.01	17.97	40.03	0.00	0.00
FBC	11	20.28	28.10	42.28	9.34	0.00	0.00
FBC	12	23.22	25.30	42.24	9.24	0.00	0.00
FBC	13	21.04	38.29	14.46	26.21	0.00	0.00
FBC	14	33.89	22.28	15.46	28.37	0.00	0.00
FBC	15	54.83	9.60	28.26	7.32	0.00	0.00
FBC	16	32.06	30.86	22.58	14.50	0.00	0.00
FBC	17	29.12	26.58	17.97	26.33	0.00	0.00
FBC	18	27.06	5.29	59.27	8.38	0.00	0.00
FBC	19	15.99	53.01	21.86	9.14	0.00	0.00
FBC	20	16.47	49.68	25.86	7.99	0.00	0.00
FBC	21	15.10	28.06	31.92	24.93	0.00	0.00
FBC	22	19.23	52.59	23.82	4.36	0.00	0.00
FBC	23	7.07	33.46	24.85	34.61	0.00	0.00
FBC	24	19.40	27.41	47.25	5.94	0.00	0.00
FBC	25	7.18	40.25	33.03	19.54	0.00	0.00
FBC	26	9.58	39.30	21.62	29.50	0.00	0.00
FBC	27	11.49	28.29	44.22	16.00	0.00	0.00
FBC	28	17.56	47.48	23.13	11.83	0.00	0.00
FBC	29	18.29	38.52	30.27	12.93	0.00	0.00
FBC	30	8.14	43.78	29.14	18.94	0.00	0.00
FBC	31	29.57	40.22	16.07	14.13	0.00	0.00
FBC	32	14.01	46.30	15.28	24.41	0.00	0.00
FBC	33	5.22	38.48	34.65	21.65	0.00	0.00
FBC	34	31.87	14.44	51.14	2.55	0.00	0.00
FBC	35	15.13	49.92	26.64	8.31	0.00	0.00
FBC	36	26.20	32.42	21.71	19.67	0.00	0.00
FBC	37	30.61	18.38	26.41	24.60	0.00	0.00
FBC	38	5.96	47.19	34.21	12.64	0.00	0.00
FBC	39	9.47	54.32	15.63	20.58	0.00	0.00
FBC	40	15.07	43.88	35.79	5.25	0.00	0.00
FBC	41	27.71	41.19	21.90	9.20	0.00	0.00
FBC	42	3.84	27.26	50.41	18.49	0.00	0.00
FBC	43	8.92	51.15	25.65	14.28	0.00	0.00
FBC	44	3.11	29.34	56.73	10.81	0.00	0.00
FBC	45	13.48	62.35	12.77	11.41	0.00	0.00
FBC	46	25.27	23.67	30.14	20.91	0.00	0.00
FBC	47	22.59	17.75	49.95	9.71	0.00	0.00
FBC	48	7.01	22.09	68.55	2.34	0.00	0.00
FBC	49	9.75	34.90	34.14	21.22	0.00	0.00
FBC	50	32.62	23.38	20.72	23.28	0.00	0.00
FBC	51	16.21	58.35	14.72	10.72	0.00	0.00
FBC	52	21.80	53.51	16.89	7.80	0.00	0.00
FBC	53	10.02	49.14	28.50	12.34	0.00	0.00
FBC	54	12.49	37.69	21.14	28.68	0.00	0.00
FBC	55	7.18	31.82	49.07	11.93	0.00	0.00
FBC	56	11.08	56.16	27.91	4.85	0.03	0.00
FBC	57	19.40	38.94	34.73	6.93	0.00	0.00
FBC	58	28.07	39.87	11.39	20.67	0.01	0.00
FBC	59	24.49	46.17	26.71	2.62	0.00	0.00
FBC	60	22.00	22.91	46.54	8.55	0.00	0.00
FBC	61	28.13	13.46	27.11	31.30	0.00	0.00
FBC	62	13.68	55.48	17.40	13.44	0.00	0.00
FBC	63	13.18	2.42	74.74	9.66	0.00	0.00
FBC	64	19.74	26.83	41.29	12.14	0.00	0.00
FBC	65	10.50	32.50	40.10	16.89	0.00	0.00
FBC	66	29.55	23.26	33.75	13.44	0.00	0.00
FBC	67	27.34	22.89	21.09	28.67	0.00	0.00
FBC	68	5.28	44.63	42.42	7.68	0.00	0.00
FBC	69	8.83	24.76	53.04	13.36	0.00	0.00
FBC	70	23.93	35.60	27.94	12.53	0.00	0.00
FBC	71	12.37	33.78	43.91	9.94	0.00	0.00
FBC	72	11.67	41.30	35.93	11.10	0.00	0.00
FBC	73	42.15	17.06	23.19	17.59	0.00	0.00
FBC	74	7.00	21.52	61.83	9.65	0.00	0.00
FBC	75	9.73	62.30	17.69	10.28	0.00	0.00
FBC	76	21.58	23.93	28.84	25.65	0.00	0.00
FBC	77	11.57	38.59	37.48	12.35	0.00	0.00
FBC	78	8.05	56.19	30.80	4.96	0.00	0.00
FBC	79	12.07	10.74	38.22	38.98	0.00	0.00
FBC	80	24.69	44.87	19.40	11.04	0.00	0.00
FBC	81	26.09	48.08	13.66	12.17	0.00	0.00
FBC	82	4.28	26.34	38.68	30.70	0.00	0.00
FBC	83	17.57	52.90	14.40	15.13	0.00	0.00
FBC	84	8.80	46.61	36.27	8.32	0.00	0.00
FBC	85	30.82	22.59	33.48	13.11	0.00	0.00
FBC	86	9.61	16.56	65.85	7.98	0.00	0.00
FBC	87	11.61	19.37	32.84	36.18	0.00	0.00
FBC	88	4.07	26.57	21.63	47.73	0.00	0.00
FBC	89	12.08	40.51	35.35	12.06	0.00	0.00
FBC	90	14.49	40.94	36.54	8.03	0.00	0.00
FBC	91	31.03	36.98	21.88	10.11	0.00	0.00
FBC	92	18.58	32.40	29.70	19.33	0.00	0.00
FBC	93	7.66	41.05	46.25	5.04	0.00	0.00
FBC	94	13.00	34.66	49.14	3.21	0.00	0.00
FBC	95	17.46	11.04	58.54	12.96	0.00	0.00
FBC	96	3.53	49.81	23.86	22.81	0.00	0.00
FBC	97	18.30	24.37	17.06	40.26	0.00	0.00
FBC	98	18.39	19.34	52.21	10.06	0.00	0.00
FBC	99	30.70	42.17	24.93	2.20	0.00	0.00
FBC	100	14.26	31.99	51.90	1.85	0.00	0.00
FBC	101	16.37	6.40	71.49	5.74	0.00	0.00
FBC	102	12.62	41.45	39.74	6.18	0.00	0.00
FBC	103	1.59	51.66	27.76	18.99	0.00	0.00
FBC	104	13.74	30.55	30.16	25.55	0.00	0.00
FBC	105	10.36	45.89	24.57	19.18	0.00	0.00
FBC	106	12.68	45.14	28.33	13.84	0.00	0.00
FBC	107	50.24	14.92	31.96	2.88	0.00	0.00
FBC	108	15.41	26.36	49.46	8.76	0.00	0.00
FBC	109	22.21	22.87	39.80	15.12	0.00	0.00
FBC	110	17.38	26.90	32.94	22.78	0.00	0.00
FBC	111	24.65	30.79	21.95	22.60	0.00	0.00
FBC	112	17.85	26.00	20.77	35.38	0.00	0.00
FBC	113	20.23	35.98	26.35	17.43	0.00	0.00
FBC	114	18.76	15.45	59.07	6.71	0.00	0.00
FBC	115	13.20	60.46	12.26	14.09	0.00	0.00
FBC	116	24.69	15.99	37.93	21.39	0.00	0.00
FBC	117	2.39	50.48	28.26	18.87	0.00	0.00
FBC	118	35.89	10.70	38.86	14.55	0.00	0.00
FBC	119	11.03	44.26	35.67	9.04	0.00	0.00
FBC	120	23.33	45.81	26.85	4.02	0.00	0.00
FBC	121	15.72	34.00	24.95	25.32	0.00	0.00
FBC	122	29.77	45.84	17.15	7.23	0.00	0.00
FBC	123	12.82	42.22	33.95	11.01	0.00	0.00
FBC	124	19.91	19.89	36.91	23.28	0.00	0.00
FBC	125	13.44	17.26	60.04	9.26	0.00	0.00
FBC	126	4.63	67.56	8.98	18.83	0.00	0.00
FBC	127	21.09	40.22	19.30	19.39	0.00	0.00
FBC	128	13.68	19.69	49.91	16.72	0.00	0.00
FBC	129	8.17	72.14	7.92	11.77	0.00	0.00
FBC	130	3.95	34.93	58.76	2.36	0.00	0.00
FBC	131	41.68	23.31	22.50	12.51	0.00	0.00
FBC	132	8.26	57.38	14.51	19.85	0.00	0.00
FBC	133	9.17	51.71	38.91	0.21	0.00	0.00
FBC	134	33.48	27.77	28.67	10.08	0.00	0.00
FBC	135	6.75	28.93	45.30	19.02	0.00	0.00
FBC	136	13.57	39.92	35.14	11.38	0.00	0.00
FBC	137	17.19	50.11	9.98	22.73	0.00	0.00
FBC	138	6.89	56.18	27.10	9.83	0.00	0.00
FBC	139	2.39	42.04	14.10	41.47	0.00	0.00
FBC	140	15.74	43.50	38.78	1.98	0.00	0.00
FBC	141	5.70	37.00	43.84	13.46	0.00	0.00
FBC	142	16.83	36.77	5.73	40.67	0.00	0.00
FBC	143	12.00	24.30	50.87	12.84	0.00	0.00
FBC	144	23.10	55.13	7.11	14.66	0.00	0.00
FBC	145	72.19	7.91	3.79	16.11	0.00	0.00
FBC	146	23.42	5.33	65.84	5.41	0.00	0.00
FBC	147	7.80	32.39	52.49	7.32	0.00	0.00
FBC	148	54.61	14.34	16.45	14.60	0.00	0.00
FBC	149	17.37	57.48	13.51	11.64	0.00	0.00
FBC	150	7.76	61.23	23.95	7.05	0.00	0.00
# ACGT content per cycle for last fragments. Use `grep ^LBC | cut -f 2-` to extract this part. The columns are: cycle; A,C,G,T base counts as a percentage of all A/C/G/T bases [%]; and N and O counts as a percentage of all A/C/G/T bases [%]
LBC	1	34.69	12.49	30.83	21.99	0.00	0.00
LBC	2	8.80	34.82	17.06	39.32	0.00	0.00
LBC	3	22.51	15.94	50.25	11.31	0.00	0.00
LBC	4	15.23	60.19	11.89	12.69	0.00	0.00
LBC	5	19.21	29.85	22.75	28.19	0.00	0.00
LBC	6	7.01	34.07	53.72	5.20	0.00	0.00
LBC	7	30.64	8.84	42.32	18.20	0.00	0.00
LBC	8	9.70	45.61	20.89	23.80	0.00	0.00
LBC	9	47.31	21.25	21.56	9.88	0.00	0.00
LBC	10	26.66	15.10	16.90	41.34	0.00	0.00
LBC	11	20.41	28.69	41.67	9.22	0.00	0.00
LBC	12	22.92	25.08	43.69	8.31	0.00	0.00
LBC	13	21.36	38.32	13.71	26.61	0.00	0.00
LBC	14	32.66	21.84	16.46	29.04	0.00	0.00
LBC	15	53.34	9.61	29.56	7.48	0.00	0.00
LBC	16	32.12	31.22	21.90	14.76	0.00	0.00
LBC	17	27.08	27.61	18.59	26.72	0.00	0.00
LBC	18	28.12	4.99	57.83	9.06	0.00	0.00
LBC	19	14.87	54.31	21.56	9.26	0.00	0.00
LBC	20	16.06	51.65	24.08	8.22	0.00	0.00
LBC	21	13.89	28.77	31.85	25.48	0.00	0.00
LBC	22	17.90	52.64	24.79	4.67	0.00	0.00
LBC	23	6.94	32.23	25.70	35.13	0.00	0.00
LBC	24	20.25	27.06	46.84	5.85	0.00	0.00
LBC	25	6.88	40.51	34.47	18.13	0.00	0.00
LBC	26	9.41	37.39	23.39	29.81	0.00	0.00
LBC	27	10.93	27.76	45.83	15.49	0.00	0.00
LBC	28	16.71	48.66	22.62	12.01	0.00	0.00
LBC	29	19.75	39.35	28.90	12.00	0.00	0.00
LBC	30	8.12	45.22	28.91	17.74	0.00	0.00
LBC	31	27.34	41.51	17.27	13.88	0.00	0.00
LBC	32	14.16	46.29	14.07	25.48	0.00	0.00
LBC	33	4.99	39.47	34.54	21.00	0.00	0.00
LBC	34	31.35	14.10	51.76	2.78	0.00	0.00
LBC	35	15.15	49.95	26.48	8.42	0.00	0.00
LBC	36	26.47	31.72	22.88	18.93	0.00	0.00
LBC	37	29.43	18.10	26.94	25.53	0.00	0.00
LBC	38	6.10	46.82	34.69	12.38	0.00	0.00
LBC	39	9.23	54.64	14.59	21.55	0.00	0.00
LBC	40	15.72	43.60	35.51	5.16	0.00	0.00
LBC	41	26.82	43.08	21.29	8.81	0.00	0.00
LBC	42	3.96	27.89	50.47	17.68	0.00	0.00
LBC	43	9.27	51.35	24.51	14.86	0.00	0.00
LBC	44	3.20	29.55	56.85	10.40	0.00	0.00
LBC	45	14.67	61.18	13.10	11.05	0.00	0.00
LBC	46	25.89	24.55	29.05	20.51	0.00	0.00
LBC	47	23.77	16.38	50.30	9.56	0.00	0.00
LBC	48	6.79	22.42	68.52	2.27	0.00	0.00
LBC	49	9.62	33.37	34.64	22.37	0.00	0.00
LBC	50	33.11	22.88	21.85	22.17	0.00	0.00
LBC	51	16.65	57.80	14.76	10.79	0.00	0.00
LBC	52	21.66	53.94	16.72	7.68	0.00	0.00
LBC	53	10.23	46.87	29.24	13.66	0.00	0.00
LBC	54	11.54	38.63	20.59	29.25	0.00	0.00
LBC	55	6.80	33.72	47.70	11.78	0.00	0.00
LBC	56	11.78	56.05	27.47	4.70	0.00	0.00
LBC	57	18.34	39.22	35.82	6.62	0.00	0.00
LBC	58	28.44	40.88	10.81	19.87	0.00	0.00
LBC	59	25.02	45.62	27.01	2.36	0.00	0.00
LBC	60	22.56	24.20	44.94	8.30	0.00	0.00
LBC	61	28.11	13.16	27.00	31.73	0.00	0.00
LBC	62	13.27	55.85	18.25	12.63	0.00	0.00
LBC	63	13.03	2.14	74.70	10.13	0.00	0.00
LBC	64	18.51	27.51	42.80	11.19	0.00	0.00
LBC	65	10.81	30.81	40.10	18.27	0.00	0.00
LBC	66	29.88	25.14	32.40	12.58	0.00	0.00
LBC	67	27.03	23.69	20.28	29.00	0.00	0.00
LBC	68	5.50	44.00	42.84	7.67	0.00	0.00
LBC	69	8.70	26.12	53.14	12.04	0.00	0.00
LBC	70	23.23	35.57	28.10	13.11	0.00	0.00
LBC	71	12.18	33.03	44.13	10.66	0.00	0.00
LBC	72	11.57	40.64	37.05	10.74	0.00	0.00
LBC	73	43.59	15.63	24.17	16.61	0.00	0.00
LBC	74	7.02	22.16	61.32	9.50	0.00	0.00
LBC	75	9.96	61.31	18.40	10.33	0.00	0.00
LBC	76	21.27	22.21	29.68	26.84	0.00	0.00
LBC	77	12.07	39.64	35.24	13.05	0.00	0.00
LBC	78	7.87	57.76	29.45	4.91	0.00	0.00
LBC	79	12.53	10.67	37.72	39.08	0.00	0.00
LBC	80	23.60	44.76	19.35	12.30	0.00	0.00
LBC	81	26.65	46.83	14.50	12.02	0.00	0.00
LBC	82	4.86	27.24	38.83	29.07	0.00	0.00
LBC	83	18.22	53.11	14.60	14.07	0.00	0.00
LBC	84	8.55	46.98	36.32	8.14	0.00	0.00
LBC	85	32.06	22.35	32.99	12.60	0.00	0.00
LBC	86	9.49	17.16	65.03	8.32	0.00	0.00
LBC	87	12.32	20.16	33.07	34.45	0.00	0.00
LBC	88	4.16	26.47	21.33	48.04	0.00	0.00
LBC	89	11.24	40.58	35.87	12.31	0.00	0.00
LBC	90	13.46	41.03	37.36	8.16	0.00	0.00
LBC	91	32.48	35.04	21.82	10.66	0.00	0.00
LBC	92	19.14	33.16	29.37	18.33	0.00	0.00
LBC	93	7.84	41.42	45.74	4.99	0.00	0.00
LBC	94	12.09	36.58	48.15	3.18	0.00	0.00
LBC	95	18.01	10.59	59.64	11.76	0.00	0.00
LBC	96	3.58	50.31	24.98	21.12	0.00	0.00
LBC	97	18.78	24.80	15.35	41.07	0.00	0.00
LBC	98	17.91	19.25	52.66	10.18	0.00	0.00
LBC	99	31.30	42.21	24.04	2.45	0.00	0.00
LBC	100	15.30	32.48	50.26	1.96	0.00	0.00
LBC	101	16.01	6.37	72.00	5.62	0.00	0.00
LBC	102	12.51	40.18	40.86	6.44	0.00	0.00
LBC	103	1.50	50.71	27.12	20.67	0.00	0.00
LBC	104	14.01	31.99	28.59	25.41	0.00	0.00
LBC	105	10.53	47.73	23.72	18.01	0.00	0.00
LBC	106	13.92	46.58	25.60	13.90	0.00	0.00
LBC	107	48.89	15.44	32.78	2.90	0.00	0.00
LBC	108	16.37	27.13	47.59	8.91	0.00	0.00
LBC	109	20.94	24.22	40.07	14.77	0.00	0.00
LBC	110	16.83	27.33	32.46	23.39	0.00	0.00
LBC	111	25.24	30.99	22.21	21.55	0.00	0.00
LBC	112	18.18	25.45	19.52	36.85	0.00	0.00
LBC	113	21.65	37.13	24.87	16.35	0.00	0.00
LBC	114	20.25	15.64	57.61	6.51	0.00	0.00
LBC	115	14.32	59.12	12.23	14.32	0.00	0.00
LBC	116	24.83	15.82	39.01	20.34	0.00	0.00
LBC	117	2.18	53.04	26.95	17.83	0.00	0.00
LBC	118	35.34	11.06	37.50	16.09	0.00	0.00
LBC	119	11.15	46.63	33.39	8.83	0.00	0.00
LBC	120	22.93	45.11	28.03	3.92	0.00	0.00
LBC	121	14.72	33.65	25.52	26.11	0.00	0.00
LBC	122	30.24	45.06	17.25	7.45	0.00	0.00
LBC	123	12.41	44.54	32.12	10.93	0.00	0.00
LBC	124	21.05	19.15	37.91	21.89	0.00	0.00
LBC	125	13.68	18.14	59.12	9.05	0.00	0.00
LBC	126	4.75	66.81	8.89	19.55	0.00	0.00
LBC	127	20.16	41.34	20.28	18.21	0.00	0.00
LBC	128	14.13	20.08	50.31	15.47	0.00	0.00
LBC	129	8.08	73.07	8.20	10.65	0.00	0.00
LBC	130	3.90	36.48	57.29	2.34	0.00	0.00
LBC	131	41.24	23.82	23.61	11.34	0.00	0.00
LBC	132	8.09	57.63	13.63	20.65	0.00	0.00
LBC	133	9.14	52.56	38.06	0.24	0.00	0.00
LBC	134	33.83	28.49	27.90	9.79	0.00	0.00
LBC	135	6.87	28.80	44.55	19.78	0.00	0.00
LBC	136	12.28	39.36	36.03	12.33	0.00	0.00
LBC	137	15.69	50.56	10.16	23.59	0.00	0.00
LBC	138	6.76	56.04	27.11	10.09	0.00	0.00
LBC	139	2.22	43.71	12.95	41.13	0.00	0.00
LBC	140	14.48	43.52	40.19	1.81	0.00	0.00
LBC	141	5.59	34.61	45.77	14.03	0.00	0.00
LBC	142	15.43	36.42	5.61	42.54	0.00	0.00
LBC	143	12.60	25.92	50.06	11.43	0.00	0.00
LBC	144	21.74	55.74	7.06	15.46	0.00	0.00
LBC	145	71.46	7.75	3.53	17.26	0.00	0.00
LBC	146	23.50	5.86	65.37	5.27	0.00	0.00
LBC	147	7.78	33.57	51.51	7.14	0.00	0.00
LBC	148	54.63	12.80	17.25	15.32	0.00	0.00
LBC	149	18.10	55.17	14.55	12.18	0.00	0.00
LBC	150	7.60	61.65	24.05	6.70	0.00	0.00
# Insert sizes. Use `grep ^IS | cut -f 2-` to extract this part. The columns are: insert size, pairs total, inward oriented pairs, outward oriented pairs, other pairs
IS	0	5	1	4	0
IS	1	0	0	0	0
IS	2	0	0	0	0
IS	3	0	0	0	0
IS	4	0	0	0	0
IS	5	0	0	0	0
IS	6	0	0	0	0
IS	7	0	0	0	0
IS	8	0	0	0	0
IS	9	0	0	0	0
IS	10	0	0	0	0
IS	11	0	0	0	0
IS	12	0	0	0	0
IS	13	0	0	0	0
IS	14	0	0	0	0
IS	15	0	0	0	0
IS	16	0	0	0	0
IS	17	0	0	0	0
IS	18	0	0	0	0
IS	19	0	0	0	0
IS	20	0	0	0	0
IS	21	0	0	0	0
IS	22	5	0	5	0
IS	23	1	0	1	0
IS	24	0	0	0	0
IS	25	0	0	0	0
IS	26	0	0	0	0
IS	27	0	0	0	0
IS	28	0	0	0	0
IS	29	0	0	0	0
IS	30	0	0	0	0
IS	31	0	0	0	0
IS	32	0	0	0	0
IS	33	0	0	0	0
IS	34	0	0	0	0
IS	35	0	0	0	0
IS	36	0	0	0	0
IS	37	0	0	0	0
IS	38	0	0	0	0
IS	39	0	0	0	0
IS	40	0	0	0	0
IS	41	0	0	0	0
IS	42	0	0	0	0
IS	43	0	0	0	0
IS	44	0	0	0	0
IS	45	0	0	0	0
IS	46	0	0	0	0
IS	47	0	0	0	0
IS	48	0	0	0	0
IS	49	0	0	0	0
IS	50	0	0	0	0
IS	51	0	0	0	0
IS	52	0	0	0	0
IS	53	0	0	0	0
IS	54	0	0	0	0
IS	55	0	0	0	0
IS	56	0	0	0	0
IS	57	0	0	0	0
IS	58	0	0	0	0
IS	59	0	0	0	0
IS	60	0	0	0	0
IS	61	0	0	0	0
IS	62	0	0	0	0
IS	63	0	0	0	0
IS	64	0	0	0	0
IS	65	0	0	0	0
IS	66	0	0	0	0
IS	67	0	0	0	0
IS	68	0	0	0	0
IS	69	0	0	0	0
IS	70	0	0	0	0
IS	71	0	0	0	0
IS	72	0	0	0	0
IS	73	0	0	0	0
IS	74	0	0	0	0
IS	75	0	0	0	0
IS	76	0	0	0	0
IS	77	0	0	0	0
IS	78	0	0	0	0
IS	79	0	0	0	0
IS	80	2	2	0	0
IS	81	0	0	0	0
IS	82	0	0	0	0
IS	83	1	1	0	0
IS	84	0	0	0	0
IS	85	0	0	0	0
IS	86	0	0	0	0
IS	87	1	1	0	0
IS	88	0	0	0	0
IS	89	0	0	0	0
IS	90	3	1	2	0
IS	91	0	0	0	0
IS	92	0	0	0	0
IS	93	0	0	0	0
IS	94	0	0	0	0
IS	95	0	0	0	0
IS	96	0	0	0	0
IS	97	0	0	0	0
IS	98	0	0	0	0
IS	99	0	0	0	0
IS	100	0	0	0	0
IS	101	1	0	1	0
IS	102	7	3	4	0
IS	103	1091	565	526	0
IS	104	1	0	1	0
IS	105	1	0	1	0
IS	106	0	0	0	0
IS	107	0	0	0	0
IS	108	0	0	0	0
IS	109	0	0	0	0
IS	110	0	0	0	0
IS	111	1	0	1	0
IS	112	4	3	1	0
IS	113	831	413	418	0
IS	114	1	0	1	0
IS	115	0	0	0	0
IS	116	0	0	0	0
IS	117	0	0	0	0
IS	118	1	0	1	0
IS	119	2	1	1	0
IS	120	0	0	0	0
IS	121	0	0	0	0
IS	122	2	1	1	0
IS	123	1	1	0	0
IS	124	2	0	2	0
IS	125	1	1	0	0
IS	126	5	2	3	0
IS	127	1889	1025	864	0
IS	128	16	9	7	0
IS	129	1783	819	964	0
IS	130	3	1	2	0
IS	131	0	0	0	0
IS	132	28	12	16	0
IS	133	3776	1847	1929	0
IS	134	0	0	0	0
IS	135	3	0	3	0
IS	136	1	0	1	0
IS	137	0	0	0	0
IS	138	3	2	1	0
IS	139	2	1	1	0
IS	140	16	8	8	0
IS	141	4795	2368	2427	0
IS	142	11	5	6	0
IS	143	6	3	3	0
IS	144	2129	1065	1064	0
IS	145	13	4	9	0
IS	146	5	1	4	0
IS	147	15	11	4	0
IS	148	76	33	43	0
IS	149	60	10	50	0
IS	150	2264	1081	1183	0
IS	151	1852	6	1846	0
IS	152	3551	8	3543	0
IS	153	1978	1966	12	0
IS	154	9	6	3	0
IS	155	14	11	3	0
IS	156	13	10	3	0
IS	157	8494	8494	0	0
IS	158	1462	1461	1	0
IS	159	9	0	9	0
IS	160	6	5	1	0
IS	161	1778	1778	0	0
IS	162	2	2	0	0
IS	163	0	0	0	0
IS	164	0	0	0	0
IS	165	0	0	0	0
IS	166	0	0	0	0
IS	167	0	0	0	0
IS	168	2	2	0	0
IS	169	0	0	0	0
IS	170	1	1	0	0
IS	171	1	1	0	0
IS	172	0	0	0	0
IS	173	0	0	0	0
IS	174	0	0	0	0
IS	175	0	0	0	0
IS	176	4	4	0	0
IS	177	0	0	0	0
IS	178	0	0	0	0
IS	179	0	0	0	0
IS	180	0	0	0	0
IS	181	0	0	0	0
IS	182	0	0	0	0
IS	183	0	0	0	0
IS	184	0	0	0	0
IS	185	0	0	0	0
IS	186	0	0	0	0
IS	187	0	0	0	0
IS	188	0	0	0	0
IS	189	0	0	0	0
IS	190	0	0	0	0
IS	191	0	0	0	0
IS	192	0	0	0	0
IS	193	0	0	0	0
IS	194	0	0	0	0
IS	195	0	0	0	0
IS	196	0	0	0	0
IS	197	0	0	0	0
IS	198	0	0	0	0
IS	199	0	0	0	0
IS	200	0	0	0	0
IS	201	0	0	0	0
IS	202	0	0	0	0
IS	203	0	0	0	0
IS	204	0	0	0	0
IS	205	0	0	0	0
IS	206	0	0	0	0
IS	207	0	0	0	0
IS	208	0	0	0	0
IS	209	0	0	0	0
IS	210	0	0	0	0
IS	211	0	0	0	0
IS	212	0	0	0	0
IS	213	0	0	0	0
IS	214	0	0	0	0
IS	215	0	0	0	0
IS	216	0	0	0	0
IS	217	0	0	0	0
IS	218	0	0	0	0
IS	219	0	0	0	0
IS	220	0	0	0	0
IS	221	0	0	0	0
IS	222	0	0	0	0
IS	223	1	1	0	0
IS	224	0	0	0	0
IS	225	0	0	0	0
IS	226	0	0	0	0
IS	227	0	0	0	0
IS	228	0	0	0	0
IS	229	0	0	0	0
IS	230	0	0	0	0
IS	231	0	0	0	0
IS	232	0	0	0	0
IS	233	1	1	0	0
IS	234	2	2	0	0
IS	235	0	0	0	0
IS	236	0	0	0	0
IS	237	0	0	0	0
IS	238	0	0	0	0
IS	239	0	0	0	0
IS	240	0	0	0	0
IS	241	0	0	0	0
IS	242	0	0	0	0
IS	243	0	0	0	0
IS	244	0	0	0	0
IS	245	1	1	0	0
IS	246	0	0	0	0
IS	247	0	0	0	0
IS	248	0	0	0	0
IS	249	0	0	0	0
IS	250	4	4	0	0
IS	251	1	1	0	0
IS	252	0	0	0	0
IS	253	0	0	0	0
IS	254	0	0	0	0
IS	255	1	1	0	0
IS	256	0	0	0	0
IS	257	0	0	0	0
IS	258	0	0	0	0
IS	259	0	0	0	0
IS	260	0	0	0	0
IS	261	1	1	0	0
IS	262	0	0	0	0
IS	263	0	0	0	0
IS	264	0	0	0	0
IS	265	0	0	0	0
IS	266	0	0	0	0
IS	267	0	0	0	0
IS	268	0	0	0	0
IS	269	0	0	0	0
IS	270	0	0	0	0
IS	271	0	0	0	0
IS	272	0	0	0	0
IS	273	0	0	0	0
IS	274	0	0	0	0
IS	275	0	0	0	0
IS	276	0	0	0	0
IS	277	1	1	0	0
IS	278	0	0	0	0
IS	279	0	0	0	0
IS	280	2	2	0	0
IS	281	0	0	0	0
IS	282	0	0	0	0
IS	283	0	0	0	0
IS	284	0	0	0	0
IS	285	1	1	0	0
IS	286	6	6	0	0
IS	287	15	15	0	0
IS	288	0	0	0	0
IS	289	0	0	0	0
IS	290	0	0	0	0
IS	291	0	0	0	0
IS	292	0	0	0	0
IS	293	0	0	0	0
IS	294	0	0	0	0
IS	295	2	2	0	0
IS	296	2	2	0	0
IS	297	10	10	0	0
IS	298	42	42	0	0
IS	299	6064	6064	0	0
IS	300	5	5	0	0
IS	301	2	2	0	0
IS	302	2	2	0	0
IS	303	2	2	0	0
IS	304	1	1	0	0
IS	305	6	6	0	0
IS	306	4	4	0	0
IS	307	9	9	0	0
IS	308	3	3	0	0
IS	309	81	81	0	0
IS	310	12596	12596	0	0
# Read lengths. Use `grep ^RL | cut -f 2-` to extract this part. The columns are: read length, count
RL	22	10
RL	23	2
RL	80	4
RL	85	2
RL	87	2
RL	94	6
RL	101	2
RL	102	44
RL	103	2152
RL	104	10
RL	105	1
RL	111	2
RL	112	23
RL	113	1643
RL	114	10
RL	119	6
RL	122	4
RL	123	2
RL	124	4
RL	125	6
RL	126	55
RL	127	3812
RL	128	72
RL	129	3530
RL	130	16
RL	132	94
RL	133	7511
RL	134	16
RL	135	6
RL	136	4
RL	138	4
RL	139	6
RL	140	92
RL	141	9585
RL	142	57
RL	143	85
RL	144	4225
RL	145	20
RL	146	2
RL	147	169
RL	150	80851
# Read lengths - first fragments. Use `grep ^FRL | cut -f 2-` to extract this part. The columns are: read length, count
FRL	22	5
FRL	23	1
FRL	80	2
FRL	85	1
FRL	87	1
FRL	94	3
FRL	101	1
FRL	102	22
FRL	103	1078
FRL	104	5
FRL	111	1
FRL	112	12
FRL	113	822
FRL	114	5
FRL	119	3
FRL	122	2
FRL	123	1
FRL	124	2
FRL	125	3
FRL	126	28
FRL	127	1890
FRL	128	36
FRL	129	1765
FRL	130	8
FRL	132	47
FRL	133	3757
FRL	134	8
FRL	135	3
FRL	136	2
FRL	138	2
FRL	139	3
FRL	140	46
FRL	141	4804
FRL	142	29
FRL	143	42
FRL	144	2104
FRL	145	10
FRL	146	1
FRL	147	87
FRL	150	40443
# Read lengths - last fragments. Use `grep ^LRL | cut -f 2-` to extract this part. The columns are: read length, count
LRL	22	5
LRL	23	1
LRL	80	2
LRL	85	1
LRL	87	1
LRL	94	3
LRL	101	1
LRL	102	22
LRL	103	1074
LRL	104	5
LRL	105	1
LRL	111	1
LRL	112	11
LRL	113	821
LRL	114	5
LRL	119	3
LRL	122	2
LRL	123	1
LRL	124	2
LRL	125	3
LRL	126	27
LRL	127	1922
LRL	128	36
LRL	129	1765
LRL	130	8
LRL	132	47
LRL	133	3754
LRL	134	8
LRL	135	3
LRL	136	2
LRL	138	2
LRL	139	3
LRL	140	46
LRL	141	4781
LRL	142	28
LRL	143	43
LRL	144	2121
LRL	145	10
LRL	146	1
LRL	147	82
LRL	150	40408
# Indel distribution. Use `grep ^ID | cut -f 2-` to extract this part. The columns are: length, number of insertions, number of deletions
ID	1	404	1213
ID	2	31	54
ID	3	9	10
ID	4	18	4
ID	5	20	0
ID	6	21	0
ID	7	3	0
ID	8	4	0
ID	9	2	0
ID	10	4	0
ID	11	1	0
ID	12	2	2
ID	13	11	0
ID	19	1	0
# Indels per cycle. Use `grep ^IC | cut -f 2-` to extract this part. The columns are: cycle, number of insertions (fwd), .. (rev) , number of deletions (fwd), .. (rev)
IC	2	2	3	0	0
IC	3	1	1	0	0
IC	4	10	8	35	23
IC	5	41	34	16	30
IC	6	9	2	29	36
IC	7	15	9	5	11
IC	8	4	6	22	27
IC	9	3	5	16	19
IC	10	5	13	8	12
IC	11	8	7	5	9
IC	12	7	7	14	12
IC	13	1	3	13	9
IC	14	2	2	16	10
IC	15	13	3	4	6
IC	16	0	2	3	2
IC	17	1	2	1	5
IC	18	0	0	5	3
IC	19	1	2	4	1
IC	20	2	1	2	5
IC	21	1	0	0	0
IC	22	2	0	2	1
IC	25	0	1	0	0
IC	26	0	0	8	3
IC	27	0	0	71	64
IC	28	3	5	1	3
IC	29	0	0	1	0
IC	31	0	0	1	2
IC	32	0	0	1	0
IC	33	0	1	0	0
IC	35	0	0	3	2
IC	37	0	1	1	0
IC	38	0	0	1	2
IC	39	0	0	5	6
IC	43	0	0	1	0
IC	44	0	0	1	0
IC	46	0	0	2	0
IC	47	0	0	2	1
IC	48	0	0	0	1
IC	49	0	0	4	2
IC	50	0	0	1	0
IC	52	0	0	2	3
IC	53	0	0	2	1
IC	54	0	0	3	3
IC	57	1	0	15	16
IC	58	0	0	0	2
IC	60	0	0	0	3
IC	62	0	0	2	1
IC	63	0	0	7	2
IC	64	0	0	2	1
IC	65	1	0	1	0
IC	66	0	0	0	1
IC	67	0	0	3	1
IC	68	0	0	1	1
IC	69	0	0	6	0
IC	70	0	0	1	0
IC	71	0	0	0	1
IC	72	0	0	2	1
IC	73	0	0	14	12
IC	74	5	5	30	41
IC	75	0	0	2	1
IC	76	10	10	1	1
IC	77	2	0	0	0
IC	78	0	0	1	1
IC	79	0	1	0	0
IC	80	0	0	0	2
IC	81	0	0	1	1
IC	82	0	0	2	1
IC	83	1	2	0	1
IC	84	0	0	1	4
IC	85	0	0	1	3
IC	86	0	0	2	0
IC	87	0	0	1	2
IC	88	0	0	2	5
IC	89	0	0	0	2
IC	90	0	0	2	9
IC	91	0	0	1	0
IC	92	1	0	2	4
IC	93	0	1	1	3
IC	94	0	0	1	0
IC	95	0	1	3	1
IC	96	0	0	1	3
IC	97	1	0	2	1
IC	98	1	1	4	3
IC	99	1	1	1	2
IC	100	0	0	9	2
IC	101	0	0	0	3
IC	102	0	0	5	8
IC	103	0	0	1	1
IC	104	0	0	2	2
IC	105	0	0	0	1
IC	106	0	0	0	3
IC	107	0	0	1	1
IC	108	0	0	3	2
IC	109	1	1	0	0
IC	110	0	2	5	5
IC	111	1	0	1	4
IC	112	0	0	1	2
IC	113	0	0	1	2
IC	114	0	0	2	1
IC	115	0	0	1	3
IC	116	0	1	0	3
IC	117	1	0	1	2
IC	118	1	0	2	2
IC	119	1	0	7	3
IC	120	0	1	4	3
IC	121	1	0	2	4
IC	122	0	1	6	2
IC	123	1	2	1	0
IC	124	3	0	3	3
IC	125	3	0	1	1
IC	126	0	2	1	4
IC	127	6	0	0	4
IC	128	1	2	1	4
IC	129	17	6	29	25
IC	130	6	6	10	19
IC	131	2	3	6	1
IC	132	2	1	8	2
IC	133	2	1	1	1
IC	134	6	3	15	11
IC	135	2	2	3	5
IC	136	4	6	4	5
IC	137	2	0	28	5
IC	138	6	6	11	4
IC	139	6	6	4	4
IC	140	3	9	6	1
IC	141	1	4	4	4
IC	142	14	13	6	5
IC	143	3	8	2	3
IC	144	9	7	10	13
IC	145	11	10	4	3
IC	146	2	5	4	5
IC	147	1	2	0	0
IC	148	2	4	0	2
IC	149	0	1	0	0
# Coverage distribution. Use `grep ^COV | cut -f 2-` to extract this part.
COV	[2-2]	2	191
COV	[4-4]	4	1134
COV	[5-5]	5	1
COV	[7-7]	7	5
COV	[8-8]	8	2
COV	[38-38]	38	1
COV	[53-53]	53	2
COV	[56-56]	56	1
COV	[57-57]	57	1
COV	[61-61]	61	1
COV	[64-64]	64	2
COV	[67-67]	67	3
COV	[68-68]	68	6
COV	[69-69]	69	6
COV	[72-72]	72	1
COV	[1000<]	1000	1351
# GC-depth. Use `grep ^GCD | cut -f 2-` to extract this part. The columns are: GC%, unique sequence percentiles, 10th, 25th, 50th, 75th and 90th depth percentile
GCD	0.0	28.571	0.000	0.000	0.000	0.000	0.000
GCD	38.0	42.857	27.986	27.986	27.986	27.986	27.986
GCD	60.0	57.143	50.026	50.026	50.026	50.026	50.026
GCD	63.0	71.429	28.822	28.822	28.822	28.822	28.822
GCD	65.0	85.714	285.336	285.336	285.336	285.336	285.336
GCD	72.0	100.000	332.021	332.021	332.021	332.021	332.021
